<html>
<head><meta charset="utf-8" /></head>
<body>
    <div>                        <script type="text/javascript">window.PlotlyConfig = {MathJaxConfig: 'local'};</script>
        <script src="https://cdn.plot.ly/plotly-2.6.3.min.js"></script>                <div id="720f6c28-25c0-40b5-96a1-c9dca9d8a682" class="plotly-graph-div" style="height:100%; width:100%;"></div>            <script type="text/javascript">                                    window.PLOTLYENV=window.PLOTLYENV || {};                                    if (document.getElementById("720f6c28-25c0-40b5-96a1-c9dca9d8a682")) {                    Plotly.newPlot(                        "720f6c28-25c0-40b5-96a1-c9dca9d8a682",                        [{"colorbar":{"len":1,"title":{"side":"right","text":"cos(x**2 + y**2)"},"x":1.0,"y":0,"yanchor":"bottom"},"colorscale":[[0.0,"rgb(51, 19, 23)"],[0.09090909090909091,"rgb(79, 28, 33)"],[0.18181818181818182,"rgb(108, 36, 36)"],[0.2727272727272727,"rgb(135, 47, 32)"],[0.36363636363636365,"rgb(157, 66, 25)"],[0.45454545454545453,"rgb(174, 88, 20)"],[0.5454545454545454,"rgb(188, 111, 19)"],[0.6363636363636364,"rgb(199, 137, 22)"],[0.7272727272727273,"rgb(209, 164, 32)"],[0.8181818181818182,"rgb(217, 192, 44)"],[0.9090909090909091,"rgb(222, 222, 59)"],[1.0,"rgb(224, 253, 74)"]],"name":"cos(x**2 + y**2)","showscale":true,"x":[[-2.0,-1.8947368421052633,-1.7894736842105263,-1.6842105263157894,-1.5789473684210527,-1.473684210526316,-1.368421052631579,-1.263157894736842,-1.1578947368421053,-1.0526315789473686,-0.9473684210526316,-0.8421052631578947,-0.736842105263158,-0.6315789473684212,-0.5263157894736843,-0.42105263157894735,-0.3157894736842106,-0.2105263157894739,-0.10526315789473695,0.0],[-2.0,-1.8947368421052633,-1.7894736842105263,-1.6842105263157894,-1.5789473684210527,-1.473684210526316,-1.368421052631579,-1.263157894736842,-1.1578947368421053,-1.0526315789473686,-0.9473684210526316,-0.8421052631578947,-0.736842105263158,-0.6315789473684212,-0.5263157894736843,-0.42105263157894735,-0.3157894736842106,-0.2105263157894739,-0.10526315789473695,0.0],[-2.0,-1.8947368421052633,-1.7894736842105263,-1.6842105263157894,-1.5789473684210527,-1.473684210526316,-1.368421052631579,-1.263157894736842,-1.1578947368421053,-1.0526315789473686,-0.9473684210526316,-0.8421052631578947,-0.736842105263158,-0.6315789473684212,-0.5263157894736843,-0.42105263157894735,-0.3157894736842106,-0.2105263157894739,-0.10526315789473695,0.0],[-2.0,-1.8947368421052633,-1.7894736842105263,-1.6842105263157894,-1.5789473684210527,-1.473684210526316,-1.368421052631579,-1.263157894736842,-1.1578947368421053,-1.0526315789473686,-0.9473684210526316,-0.8421052631578947,-0.736842105263158,-0.6315789473684212,-0.5263157894736843,-0.42105263157894735,-0.3157894736842106,-0.2105263157894739,-0.10526315789473695,0.0],[-2.0,-1.8947368421052633,-1.7894736842105263,-1.6842105263157894,-1.5789473684210527,-1.473684210526316,-1.368421052631579,-1.263157894736842,-1.1578947368421053,-1.0526315789473686,-0.9473684210526316,-0.8421052631578947,-0.736842105263158,-0.6315789473684212,-0.5263157894736843,-0.42105263157894735,-0.3157894736842106,-0.2105263157894739,-0.10526315789473695,0.0],[-2.0,-1.8947368421052633,-1.7894736842105263,-1.6842105263157894,-1.5789473684210527,-1.473684210526316,-1.368421052631579,-1.263157894736842,-1.1578947368421053,-1.0526315789473686,-0.9473684210526316,-0.8421052631578947,-0.736842105263158,-0.6315789473684212,-0.5263157894736843,-0.42105263157894735,-0.3157894736842106,-0.2105263157894739,-0.10526315789473695,0.0],[-2.0,-1.8947368421052633,-1.7894736842105263,-1.6842105263157894,-1.5789473684210527,-1.473684210526316,-1.368421052631579,-1.263157894736842,-1.1578947368421053,-1.0526315789473686,-0.9473684210526316,-0.8421052631578947,-0.736842105263158,-0.6315789473684212,-0.5263157894736843,-0.42105263157894735,-0.3157894736842106,-0.2105263157894739,-0.10526315789473695,0.0],[-2.0,-1.8947368421052633,-1.7894736842105263,-1.6842105263157894,-1.5789473684210527,-1.473684210526316,-1.368421052631579,-1.263157894736842,-1.1578947368421053,-1.0526315789473686,-0.9473684210526316,-0.8421052631578947,-0.736842105263158,-0.6315789473684212,-0.5263157894736843,-0.42105263157894735,-0.3157894736842106,-0.2105263157894739,-0.10526315789473695,0.0],[-2.0,-1.8947368421052633,-1.7894736842105263,-1.6842105263157894,-1.5789473684210527,-1.473684210526316,-1.368421052631579,-1.263157894736842,-1.1578947368421053,-1.0526315789473686,-0.9473684210526316,-0.8421052631578947,-0.736842105263158,-0.6315789473684212,-0.5263157894736843,-0.42105263157894735,-0.3157894736842106,-0.2105263157894739,-0.10526315789473695,0.0],[-2.0,-1.8947368421052633,-1.7894736842105263,-1.6842105263157894,-1.5789473684210527,-1.473684210526316,-1.368421052631579,-1.263157894736842,-1.1578947368421053,-1.0526315789473686,-0.9473684210526316,-0.8421052631578947,-0.736842105263158,-0.6315789473684212,-0.5263157894736843,-0.42105263157894735,-0.3157894736842106,-0.2105263157894739,-0.10526315789473695,0.0],[-2.0,-1.8947368421052633,-1.7894736842105263,-1.6842105263157894,-1.5789473684210527,-1.473684210526316,-1.368421052631579,-1.263157894736842,-1.1578947368421053,-1.0526315789473686,-0.9473684210526316,-0.8421052631578947,-0.736842105263158,-0.6315789473684212,-0.5263157894736843,-0.42105263157894735,-0.3157894736842106,-0.2105263157894739,-0.10526315789473695,0.0],[-2.0,-1.8947368421052633,-1.7894736842105263,-1.6842105263157894,-1.5789473684210527,-1.473684210526316,-1.368421052631579,-1.263157894736842,-1.1578947368421053,-1.0526315789473686,-0.9473684210526316,-0.8421052631578947,-0.736842105263158,-0.6315789473684212,-0.5263157894736843,-0.42105263157894735,-0.3157894736842106,-0.2105263157894739,-0.10526315789473695,0.0],[-2.0,-1.8947368421052633,-1.7894736842105263,-1.6842105263157894,-1.5789473684210527,-1.473684210526316,-1.368421052631579,-1.263157894736842,-1.1578947368421053,-1.0526315789473686,-0.9473684210526316,-0.8421052631578947,-0.736842105263158,-0.6315789473684212,-0.5263157894736843,-0.42105263157894735,-0.3157894736842106,-0.2105263157894739,-0.10526315789473695,0.0],[-2.0,-1.8947368421052633,-1.7894736842105263,-1.6842105263157894,-1.5789473684210527,-1.473684210526316,-1.368421052631579,-1.263157894736842,-1.1578947368421053,-1.0526315789473686,-0.9473684210526316,-0.8421052631578947,-0.736842105263158,-0.6315789473684212,-0.5263157894736843,-0.42105263157894735,-0.3157894736842106,-0.2105263157894739,-0.10526315789473695,0.0],[-2.0,-1.8947368421052633,-1.7894736842105263,-1.6842105263157894,-1.5789473684210527,-1.473684210526316,-1.368421052631579,-1.263157894736842,-1.1578947368421053,-1.0526315789473686,-0.9473684210526316,-0.8421052631578947,-0.736842105263158,-0.6315789473684212,-0.5263157894736843,-0.42105263157894735,-0.3157894736842106,-0.2105263157894739,-0.10526315789473695,0.0],[-2.0,-1.8947368421052633,-1.7894736842105263,-1.6842105263157894,-1.5789473684210527,-1.473684210526316,-1.368421052631579,-1.263157894736842,-1.1578947368421053,-1.0526315789473686,-0.9473684210526316,-0.8421052631578947,-0.736842105263158,-0.6315789473684212,-0.5263157894736843,-0.42105263157894735,-0.3157894736842106,-0.2105263157894739,-0.10526315789473695,0.0],[-2.0,-1.8947368421052633,-1.7894736842105263,-1.6842105263157894,-1.5789473684210527,-1.473684210526316,-1.368421052631579,-1.263157894736842,-1.1578947368421053,-1.0526315789473686,-0.9473684210526316,-0.8421052631578947,-0.736842105263158,-0.6315789473684212,-0.5263157894736843,-0.42105263157894735,-0.3157894736842106,-0.2105263157894739,-0.10526315789473695,0.0],[-2.0,-1.8947368421052633,-1.7894736842105263,-1.6842105263157894,-1.5789473684210527,-1.473684210526316,-1.368421052631579,-1.263157894736842,-1.1578947368421053,-1.0526315789473686,-0.9473684210526316,-0.8421052631578947,-0.736842105263158,-0.6315789473684212,-0.5263157894736843,-0.42105263157894735,-0.3157894736842106,-0.2105263157894739,-0.10526315789473695,0.0],[-2.0,-1.8947368421052633,-1.7894736842105263,-1.6842105263157894,-1.5789473684210527,-1.473684210526316,-1.368421052631579,-1.263157894736842,-1.1578947368421053,-1.0526315789473686,-0.9473684210526316,-0.8421052631578947,-0.736842105263158,-0.6315789473684212,-0.5263157894736843,-0.42105263157894735,-0.3157894736842106,-0.2105263157894739,-0.10526315789473695,0.0],[-2.0,-1.8947368421052633,-1.7894736842105263,-1.6842105263157894,-1.5789473684210527,-1.473684210526316,-1.368421052631579,-1.263157894736842,-1.1578947368421053,-1.0526315789473686,-0.9473684210526316,-0.8421052631578947,-0.736842105263158,-0.6315789473684212,-0.5263157894736843,-0.42105263157894735,-0.3157894736842106,-0.2105263157894739,-0.10526315789473695,0.0]],"y":[[-2.0,-2.0,-2.0,-2.0,-2.0,-2.0,-2.0,-2.0,-2.0,-2.0,-2.0,-2.0,-2.0,-2.0,-2.0,-2.0,-2.0,-2.0,-2.0,-2.0],[-1.8947368421052633,-1.8947368421052633,-1.8947368421052633,-1.8947368421052633,-1.8947368421052633,-1.8947368421052633,-1.8947368421052633,-1.8947368421052633,-1.8947368421052633,-1.8947368421052633,-1.8947368421052633,-1.8947368421052633,-1.8947368421052633,-1.8947368421052633,-1.8947368421052633,-1.8947368421052633,-1.8947368421052633,-1.8947368421052633,-1.8947368421052633,-1.8947368421052633],[-1.7894736842105263,-1.7894736842105263,-1.7894736842105263,-1.7894736842105263,-1.7894736842105263,-1.7894736842105263,-1.7894736842105263,-1.7894736842105263,-1.7894736842105263,-1.7894736842105263,-1.7894736842105263,-1.7894736842105263,-1.7894736842105263,-1.7894736842105263,-1.7894736842105263,-1.7894736842105263,-1.7894736842105263,-1.7894736842105263,-1.7894736842105263,-1.7894736842105263],[-1.6842105263157894,-1.6842105263157894,-1.6842105263157894,-1.6842105263157894,-1.6842105263157894,-1.6842105263157894,-1.6842105263157894,-1.6842105263157894,-1.6842105263157894,-1.6842105263157894,-1.6842105263157894,-1.6842105263157894,-1.6842105263157894,-1.6842105263157894,-1.6842105263157894,-1.6842105263157894,-1.6842105263157894,-1.6842105263157894,-1.6842105263157894,-1.6842105263157894],[-1.5789473684210527,-1.5789473684210527,-1.5789473684210527,-1.5789473684210527,-1.5789473684210527,-1.5789473684210527,-1.5789473684210527,-1.5789473684210527,-1.5789473684210527,-1.5789473684210527,-1.5789473684210527,-1.5789473684210527,-1.5789473684210527,-1.5789473684210527,-1.5789473684210527,-1.5789473684210527,-1.5789473684210527,-1.5789473684210527,-1.5789473684210527,-1.5789473684210527],[-1.473684210526316,-1.473684210526316,-1.473684210526316,-1.473684210526316,-1.473684210526316,-1.473684210526316,-1.473684210526316,-1.473684210526316,-1.473684210526316,-1.473684210526316,-1.473684210526316,-1.473684210526316,-1.473684210526316,-1.473684210526316,-1.473684210526316,-1.473684210526316,-1.473684210526316,-1.473684210526316,-1.473684210526316,-1.473684210526316],[-1.368421052631579,-1.368421052631579,-1.368421052631579,-1.368421052631579,-1.368421052631579,-1.368421052631579,-1.368421052631579,-1.368421052631579,-1.368421052631579,-1.368421052631579,-1.368421052631579,-1.368421052631579,-1.368421052631579,-1.368421052631579,-1.368421052631579,-1.368421052631579,-1.368421052631579,-1.368421052631579,-1.368421052631579,-1.368421052631579],[-1.263157894736842,-1.263157894736842,-1.263157894736842,-1.263157894736842,-1.263157894736842,-1.263157894736842,-1.263157894736842,-1.263157894736842,-1.263157894736842,-1.263157894736842,-1.263157894736842,-1.263157894736842,-1.263157894736842,-1.263157894736842,-1.263157894736842,-1.263157894736842,-1.263157894736842,-1.263157894736842,-1.263157894736842,-1.263157894736842],[-1.1578947368421053,-1.1578947368421053,-1.1578947368421053,-1.1578947368421053,-1.1578947368421053,-1.1578947368421053,-1.1578947368421053,-1.1578947368421053,-1.1578947368421053,-1.1578947368421053,-1.1578947368421053,-1.1578947368421053,-1.1578947368421053,-1.1578947368421053,-1.1578947368421053,-1.1578947368421053,-1.1578947368421053,-1.1578947368421053,-1.1578947368421053,-1.1578947368421053],[-1.0526315789473686,-1.0526315789473686,-1.0526315789473686,-1.0526315789473686,-1.0526315789473686,-1.0526315789473686,-1.0526315789473686,-1.0526315789473686,-1.0526315789473686,-1.0526315789473686,-1.0526315789473686,-1.0526315789473686,-1.0526315789473686,-1.0526315789473686,-1.0526315789473686,-1.0526315789473686,-1.0526315789473686,-1.0526315789473686,-1.0526315789473686,-1.0526315789473686],[-0.9473684210526316,-0.9473684210526316,-0.9473684210526316,-0.9473684210526316,-0.9473684210526316,-0.9473684210526316,-0.9473684210526316,-0.9473684210526316,-0.9473684210526316,-0.9473684210526316,-0.9473684210526316,-0.9473684210526316,-0.9473684210526316,-0.9473684210526316,-0.9473684210526316,-0.9473684210526316,-0.9473684210526316,-0.9473684210526316,-0.9473684210526316,-0.9473684210526316],[-0.8421052631578947,-0.8421052631578947,-0.8421052631578947,-0.8421052631578947,-0.8421052631578947,-0.8421052631578947,-0.8421052631578947,-0.8421052631578947,-0.8421052631578947,-0.8421052631578947,-0.8421052631578947,-0.8421052631578947,-0.8421052631578947,-0.8421052631578947,-0.8421052631578947,-0.8421052631578947,-0.8421052631578947,-0.8421052631578947,-0.8421052631578947,-0.8421052631578947],[-0.736842105263158,-0.736842105263158,-0.736842105263158,-0.736842105263158,-0.736842105263158,-0.736842105263158,-0.736842105263158,-0.736842105263158,-0.736842105263158,-0.736842105263158,-0.736842105263158,-0.736842105263158,-0.736842105263158,-0.736842105263158,-0.736842105263158,-0.736842105263158,-0.736842105263158,-0.736842105263158,-0.736842105263158,-0.736842105263158],[-0.6315789473684212,-0.6315789473684212,-0.6315789473684212,-0.6315789473684212,-0.6315789473684212,-0.6315789473684212,-0.6315789473684212,-0.6315789473684212,-0.6315789473684212,-0.6315789473684212,-0.6315789473684212,-0.6315789473684212,-0.6315789473684212,-0.6315789473684212,-0.6315789473684212,-0.6315789473684212,-0.6315789473684212,-0.6315789473684212,-0.6315789473684212,-0.6315789473684212],[-0.5263157894736843,-0.5263157894736843,-0.5263157894736843,-0.5263157894736843,-0.5263157894736843,-0.5263157894736843,-0.5263157894736843,-0.5263157894736843,-0.5263157894736843,-0.5263157894736843,-0.5263157894736843,-0.5263157894736843,-0.5263157894736843,-0.5263157894736843,-0.5263157894736843,-0.5263157894736843,-0.5263157894736843,-0.5263157894736843,-0.5263157894736843,-0.5263157894736843],[-0.42105263157894735,-0.42105263157894735,-0.42105263157894735,-0.42105263157894735,-0.42105263157894735,-0.42105263157894735,-0.42105263157894735,-0.42105263157894735,-0.42105263157894735,-0.42105263157894735,-0.42105263157894735,-0.42105263157894735,-0.42105263157894735,-0.42105263157894735,-0.42105263157894735,-0.42105263157894735,-0.42105263157894735,-0.42105263157894735,-0.42105263157894735,-0.42105263157894735],[-0.3157894736842106,-0.3157894736842106,-0.3157894736842106,-0.3157894736842106,-0.3157894736842106,-0.3157894736842106,-0.3157894736842106,-0.3157894736842106,-0.3157894736842106,-0.3157894736842106,-0.3157894736842106,-0.3157894736842106,-0.3157894736842106,-0.3157894736842106,-0.3157894736842106,-0.3157894736842106,-0.3157894736842106,-0.3157894736842106,-0.3157894736842106,-0.3157894736842106],[-0.2105263157894739,-0.2105263157894739,-0.2105263157894739,-0.2105263157894739,-0.2105263157894739,-0.2105263157894739,-0.2105263157894739,-0.2105263157894739,-0.2105263157894739,-0.2105263157894739,-0.2105263157894739,-0.2105263157894739,-0.2105263157894739,-0.2105263157894739,-0.2105263157894739,-0.2105263157894739,-0.2105263157894739,-0.2105263157894739,-0.2105263157894739,-0.2105263157894739],[-0.10526315789473695,-0.10526315789473695,-0.10526315789473695,-0.10526315789473695,-0.10526315789473695,-0.10526315789473695,-0.10526315789473695,-0.10526315789473695,-0.10526315789473695,-0.10526315789473695,-0.10526315789473695,-0.10526315789473695,-0.10526315789473695,-0.10526315789473695,-0.10526315789473695,-0.10526315789473695,-0.10526315789473695,-0.10526315789473695,-0.10526315789473695,-0.10526315789473695],[0.0,0.0,0.0,0.0,0.0,0.0,0.0,0.0,0.0,0.0,0.0,0.0,0.0,0.0,0.0,0.0,0.0,0.0,0.0,0.0]],"z":[[-0.14550003380861354,0.2608995737571092,0.6065910014298908,0.8507530832915888,0.9780539466839384,0.9937969695065979,0.9168778478299149,0.7727604124765096,0.5877955352587357,0.3854027592375381,0.18406246449050045,-0.0032477004372170864,-0.16864290561917392,-0.30838708783068425,-0.42175558916684874,-0.5099302137054331,-0.5750505940360654,-0.6194702113945816,-0.645218044500885,-0.6536436208636119],[0.2608995737571092,0.6240586587451074,0.873203759074926,0.9897347565911894,0.9800501218577462,0.8671164939148833,0.6817959825609297,0.45574284385994074,0.21662782568111044,-0.014327548321206423,-0.22296438524057902,-0.4015603903300496,-0.5475428730575922,-0.6619889477582261,-0.7482053423453332,-0.8105414250608356,-0.8534858448110886,-0.8810322861250394,-0.8962675385815027,-0.9011266999554245],[0.6065910014298908,0.873203759074926,0.9926586039283708,0.9702816814464335,0.8321102831229847,0.6143581498328009,0.3545224203660037,0.08529120339462383,-0.16864290561917392,-0.3913882186408217,-0.5750505940360654,-0.7180744593139157,-0.8233204316854967,-0.8962675385815027,-0.943541810723542,-0.971832950490188,-0.9871720355882428,-0.994498352608977,-0.997430387694096,-0.9981629636307818],[0.8507530832915888,0.9897347565911894,0.9702816814464335,0.8196164439995036,0.5787955416762882,0.2916211986971897,-0.0032477004372179746,-0.2766016854540963,-0.5099302137054331,-0.6945474195403613,-0.82955870247275,-0.9194512480362851,-0.9718329504901881,-0.9955979696979151,-0.9996074865964195,-0.9918520492604154,-0.9789989396904152,-0.9662081799267905,-0.9571076959054774,-0.9538386771355792],[0.9780539466839384,0.9800501218577462,0.8321102831229847,0.5787955416762882,0.2703539028583421,-0.04755109784257315,-0.3398317649847922,-0.5840801260573832,-0.769842261514353,-0.8962675385815027,-0.969162036160935,-0.9981629636307818,-0.9944314415230217,-0.9690049090668346,-0.9317804065737304,-0.8910094093944058,-0.8531538090696017,-0.8229588143904906,-0.8036234188652014,-0.7969798939930487],[0.9937969695065979,0.8671164939148833,0.6143581498328009,0.2916211986971897,-0.04755109784257315,-0.36058841808404585,-0.6194702113945816,-0.8105414250608356,-0.9320114014427255,-0.990467533930699,-0.997384561412331,-0.9662081799267908,-0.910249036643762,-0.8413849538665109,-0.7694356582881058,-0.7020229525018375,-0.6447313759934548,-0.6014142975295422,-0.5745294748814932,-0.5654253186389667],[0.9168778478299149,0.6817959825609297,0.3545224203660037,-0.0032477004372179746,-0.3398317649847922,-0.6194702113945816,-0.8233204316854967,-0.9471542135137399,-0.997430387694096,-0.9870701589132631,-0.9317804065737304,-0.8473213953553849,-0.7477826743378155,-0.6447313759934548,-0.5470098763596281,-0.4609497835794777,-0.3908021113425818,-0.3392327655796584,-0.3077812331341569,-0.29722009379793224],[0.7727604124765096,0.45574284385994074,0.08529120339462383,-0.2766016854540963,-0.5840801260573832,-0.8105414250608356,-0.9471542135137399,-0.9987729925948299,-0.9789989396904153,-0.9056053178226718,-0.7969798939930487,-0.6697802518352025,-0.537700851232891,-0.41110281697026446,-0.297220093797932,-0.20068476768767868,-0.12417319324045938,-0.06903791012661409,-0.035844192736787836,-0.024769006895414405],[0.5877955352587357,0.21662782568111044,-0.16864290561917392,-0.5099302137054331,-0.769842261514353,-0.9320114014427255,-0.997430387694096,-0.9789989396904153,-0.8959849136374084,-0.7694356582881058,-0.6189701608541315,-0.4609497835794777,-0.3077812331341569,-0.168015161929598,-0.04691497789664273,0.05276626989364668,0.12998426841969998,0.1846883773092796,0.21724949042210429,0.22805162393917697],[0.3854027592375381,-0.014327548321206423,-0.3913882186408217,-0.6945474195403613,-0.8962675385815027,-0.990467533930699,-0.9870701589132631,-0.9056053178226718,-0.7694356582881058,-0.6014142975295422,-0.4211780831780754,-0.24389312605623042,-0.08008734110880848,0.0638277006462887,0.1846883773092794,0.28161591408644626,0.35511781542340554,0.40633714337037713,0.4364801479711694,0.4464222790533968],[0.18406246449050045,-0.22296438524057902,-0.5750505940360654,-0.82955870247275,-0.969162036160935,-0.997384561412331,-0.9317804065737304,-0.7969798939930487,-0.6189701608541315,-0.4211780831780754,-0.22234354054545352,-0.035844192736787836,0.12998426841969998,0.27096696378931334,0.38599031561566594,0.4759149733095043,0.5426311744775337,0.5883106181541529,0.6148605020424428,0.6235609270370244],[-0.0032477004372170864,-0.4015603903300496,-0.7180744593139157,-0.9194512480362851,-0.9981629636307818,-0.9662081799267908,-0.8473213953553849,-0.6697802518352025,-0.4609497835794777,-0.24389312605623042,-0.035844192736787836,0.15192320899786962,0.3133501086123943,0.44642227905339704,0.5519048326738129,0.6321847958913286,0.6903205857075962,0.7293242422428755,0.7516595866546573,0.7589213427615109],[-0.16864290561917392,-0.5475428730575922,-0.8233204316854967,-0.9718329504901881,-0.9944314415230217,-0.910249036643762,-0.7477826743378155,-0.537700851232891,-0.3077812331341569,-0.08008734110880848,0.12998426841969998,0.3133501086123943,0.46614090217499327,0.5883106181541528,0.6822617129347746,0.7516595866546572,0.8005048138788567,0.832463307184066,0.8504182144843198,0.8561953346564654],[-0.30838708783068425,-0.6619889477582261,-0.8962675385815027,-0.9955979696979151,-0.9690049090668346,-0.8413849538665109,-0.6447313759934548,-0.41110281697026446,-0.168015161929598,0.0638277006462887,0.27096696378931334,0.44642227905339704,0.5883106181541528,0.6982947060892645,0.7801440541406772,0.8385514722932567,0.8782457442189895,0.9033783249257555,0.9171318642743731,0.9214919169719462],[-0.42175558916684874,-0.7482053423453332,-0.943541810723542,-0.9996074865964195,-0.9317804065737304,-0.7694356582881058,-0.5470098763596281,-0.297220093797932,-0.04691497789664273,0.1846883773092794,0.38599031561566594,0.5519048326738129,0.6822617129347746,0.7801440541406772,0.8504182144843198,0.8985712275725399,0.9298720993348697,0.9488163188623119,0.9587886816951003,0.9618779066192132],[-0.5099302137054331,-0.8105414250608356,-0.971832950490188,-0.9918520492604154,-0.8910094093944058,-0.7020229525018375,-0.4609497835794777,-0.20068476768767868,0.05276626989364668,0.28161591408644626,0.4759149733095043,0.6321847958913286,0.7516595866546572,0.8385514722932567,0.8985712275725399,0.9377956447866217,0.9618779066192132,0.9755455716996915,0.98231158481789,0.9843260752379319],[-0.5750505940360654,-0.8534858448110886,-0.9871720355882428,-0.9789989396904152,-0.8531538090696017,-0.6447313759934548,-0.3908021113425818,-0.12417319324045938,0.12998426841969998,0.35511781542340554,0.5426311744775337,0.6903205857075962,0.8005048138788567,0.8782457442189895,0.9298720993348697,0.9618779066192132,0.9801764935387774,0.9896435423158937,0.9938675896968598,0.9950317817885963],[-0.6194702113945816,-0.8810322861250394,-0.994498352608977,-0.9662081799267905,-0.8229588143904906,-0.6014142975295422,-0.3392327655796584,-0.06903791012661409,0.1846883773092796,0.40633714337037713,0.5883106181541529,0.7293242422428755,0.832463307184066,0.9033783249257555,0.9488163188623119,0.9755455716996915,0.9896435423158937,0.9960738113307497,0.998465720417296,0.9990179706418573],[-0.645218044500885,-0.8962675385815027,-0.997430387694096,-0.9571076959054774,-0.8036234188652014,-0.5745294748814932,-0.3077812331341569,-0.035844192736787836,0.21724949042210429,0.4364801479711694,0.6148605020424428,0.7516595866546573,0.8504182144843198,0.9171318642743731,0.9587886816951003,0.98231158481789,0.9938675896968598,0.998465720417296,0.9997544625161363,0.9999386137448979],[-0.6536436208636119,-0.9011266999554245,-0.9981629636307818,-0.9538386771355792,-0.7969798939930487,-0.5654253186389667,-0.29722009379793224,-0.024769006895414405,0.22805162393917697,0.4464222790533968,0.6235609270370244,0.7589213427615109,0.8561953346564654,0.9214919169719462,0.9618779066192132,0.9843260752379319,0.9950317817885963,0.9990179706418573,0.9999386137448979,1.0]],"type":"surface"},{"colorbar":{"len":1,"title":{"side":"right","text":"cos(x**2 + y**2)"},"x":1.15,"y":0,"yanchor":"bottom"},"colorscale":[[0.0,"rgb(36, 86, 104)"],[0.16666666666666666,"rgb(15, 114, 121)"],[0.3333333333333333,"rgb(13, 143, 129)"],[0.5,"rgb(57, 171, 126)"],[0.6666666666666666,"rgb(110, 197, 116)"],[0.8333333333333334,"rgb(169, 220, 103)"],[1.0,"rgb(237, 239, 93)"]],"name":"cos(x**2 + y**2)","showscale":true,"x":[[0.0,0.10526315789473684,0.21052631578947367,0.3157894736842105,0.42105263157894735,0.5263157894736842,0.631578947368421,0.7368421052631579,0.8421052631578947,0.9473684210526315,1.0526315789473684,1.1578947368421053,1.263157894736842,1.3684210526315788,1.4736842105263157,1.5789473684210527,1.6842105263157894,1.789473684210526,1.894736842105263,2.0],[0.0,0.10526315789473684,0.21052631578947367,0.3157894736842105,0.42105263157894735,0.5263157894736842,0.631578947368421,0.7368421052631579,0.8421052631578947,0.9473684210526315,1.0526315789473684,1.1578947368421053,1.263157894736842,1.3684210526315788,1.4736842105263157,1.5789473684210527,1.6842105263157894,1.789473684210526,1.894736842105263,2.0],[0.0,0.10526315789473684,0.21052631578947367,0.3157894736842105,0.42105263157894735,0.5263157894736842,0.631578947368421,0.7368421052631579,0.8421052631578947,0.9473684210526315,1.0526315789473684,1.1578947368421053,1.263157894736842,1.3684210526315788,1.4736842105263157,1.5789473684210527,1.6842105263157894,1.789473684210526,1.894736842105263,2.0],[0.0,0.10526315789473684,0.21052631578947367,0.3157894736842105,0.42105263157894735,0.5263157894736842,0.631578947368421,0.7368421052631579,0.8421052631578947,0.9473684210526315,1.0526315789473684,1.1578947368421053,1.263157894736842,1.3684210526315788,1.4736842105263157,1.5789473684210527,1.6842105263157894,1.789473684210526,1.894736842105263,2.0],[0.0,0.10526315789473684,0.21052631578947367,0.3157894736842105,0.42105263157894735,0.5263157894736842,0.631578947368421,0.7368421052631579,0.8421052631578947,0.9473684210526315,1.0526315789473684,1.1578947368421053,1.263157894736842,1.3684210526315788,1.4736842105263157,1.5789473684210527,1.6842105263157894,1.789473684210526,1.894736842105263,2.0],[0.0,0.10526315789473684,0.21052631578947367,0.3157894736842105,0.42105263157894735,0.5263157894736842,0.631578947368421,0.7368421052631579,0.8421052631578947,0.9473684210526315,1.0526315789473684,1.1578947368421053,1.263157894736842,1.3684210526315788,1.4736842105263157,1.5789473684210527,1.6842105263157894,1.789473684210526,1.894736842105263,2.0],[0.0,0.10526315789473684,0.21052631578947367,0.3157894736842105,0.42105263157894735,0.5263157894736842,0.631578947368421,0.7368421052631579,0.8421052631578947,0.9473684210526315,1.0526315789473684,1.1578947368421053,1.263157894736842,1.3684210526315788,1.4736842105263157,1.5789473684210527,1.6842105263157894,1.789473684210526,1.894736842105263,2.0],[0.0,0.10526315789473684,0.21052631578947367,0.3157894736842105,0.42105263157894735,0.5263157894736842,0.631578947368421,0.7368421052631579,0.8421052631578947,0.9473684210526315,1.0526315789473684,1.1578947368421053,1.263157894736842,1.3684210526315788,1.4736842105263157,1.5789473684210527,1.6842105263157894,1.789473684210526,1.894736842105263,2.0],[0.0,0.10526315789473684,0.21052631578947367,0.3157894736842105,0.42105263157894735,0.5263157894736842,0.631578947368421,0.7368421052631579,0.8421052631578947,0.9473684210526315,1.0526315789473684,1.1578947368421053,1.263157894736842,1.3684210526315788,1.4736842105263157,1.5789473684210527,1.6842105263157894,1.789473684210526,1.894736842105263,2.0],[0.0,0.10526315789473684,0.21052631578947367,0.3157894736842105,0.42105263157894735,0.5263157894736842,0.631578947368421,0.7368421052631579,0.8421052631578947,0.9473684210526315,1.0526315789473684,1.1578947368421053,1.263157894736842,1.3684210526315788,1.4736842105263157,1.5789473684210527,1.6842105263157894,1.789473684210526,1.894736842105263,2.0],[0.0,0.10526315789473684,0.21052631578947367,0.3157894736842105,0.42105263157894735,0.5263157894736842,0.631578947368421,0.7368421052631579,0.8421052631578947,0.9473684210526315,1.0526315789473684,1.1578947368421053,1.263157894736842,1.3684210526315788,1.4736842105263157,1.5789473684210527,1.6842105263157894,1.789473684210526,1.894736842105263,2.0],[0.0,0.10526315789473684,0.21052631578947367,0.3157894736842105,0.42105263157894735,0.5263157894736842,0.631578947368421,0.7368421052631579,0.8421052631578947,0.9473684210526315,1.0526315789473684,1.1578947368421053,1.263157894736842,1.3684210526315788,1.4736842105263157,1.5789473684210527,1.6842105263157894,1.789473684210526,1.894736842105263,2.0],[0.0,0.10526315789473684,0.21052631578947367,0.3157894736842105,0.42105263157894735,0.5263157894736842,0.631578947368421,0.7368421052631579,0.8421052631578947,0.9473684210526315,1.0526315789473684,1.1578947368421053,1.263157894736842,1.3684210526315788,1.4736842105263157,1.5789473684210527,1.6842105263157894,1.789473684210526,1.894736842105263,2.0],[0.0,0.10526315789473684,0.21052631578947367,0.3157894736842105,0.42105263157894735,0.5263157894736842,0.631578947368421,0.7368421052631579,0.8421052631578947,0.9473684210526315,1.0526315789473684,1.1578947368421053,1.263157894736842,1.3684210526315788,1.4736842105263157,1.5789473684210527,1.6842105263157894,1.789473684210526,1.894736842105263,2.0],[0.0,0.10526315789473684,0.21052631578947367,0.3157894736842105,0.42105263157894735,0.5263157894736842,0.631578947368421,0.7368421052631579,0.8421052631578947,0.9473684210526315,1.0526315789473684,1.1578947368421053,1.263157894736842,1.3684210526315788,1.4736842105263157,1.5789473684210527,1.6842105263157894,1.789473684210526,1.894736842105263,2.0],[0.0,0.10526315789473684,0.21052631578947367,0.3157894736842105,0.42105263157894735,0.5263157894736842,0.631578947368421,0.7368421052631579,0.8421052631578947,0.9473684210526315,1.0526315789473684,1.1578947368421053,1.263157894736842,1.3684210526315788,1.4736842105263157,1.5789473684210527,1.6842105263157894,1.789473684210526,1.894736842105263,2.0],[0.0,0.10526315789473684,0.21052631578947367,0.3157894736842105,0.42105263157894735,0.5263157894736842,0.631578947368421,0.7368421052631579,0.8421052631578947,0.9473684210526315,1.0526315789473684,1.1578947368421053,1.263157894736842,1.3684210526315788,1.4736842105263157,1.5789473684210527,1.6842105263157894,1.789473684210526,1.894736842105263,2.0],[0.0,0.10526315789473684,0.21052631578947367,0.3157894736842105,0.42105263157894735,0.5263157894736842,0.631578947368421,0.7368421052631579,0.8421052631578947,0.9473684210526315,1.0526315789473684,1.1578947368421053,1.263157894736842,1.3684210526315788,1.4736842105263157,1.5789473684210527,1.6842105263157894,1.789473684210526,1.894736842105263,2.0],[0.0,0.10526315789473684,0.21052631578947367,0.3157894736842105,0.42105263157894735,0.5263157894736842,0.631578947368421,0.7368421052631579,0.8421052631578947,0.9473684210526315,1.0526315789473684,1.1578947368421053,1.263157894736842,1.3684210526315788,1.4736842105263157,1.5789473684210527,1.6842105263157894,1.789473684210526,1.894736842105263,2.0],[0.0,0.10526315789473684,0.21052631578947367,0.3157894736842105,0.42105263157894735,0.5263157894736842,0.631578947368421,0.7368421052631579,0.8421052631578947,0.9473684210526315,1.0526315789473684,1.1578947368421053,1.263157894736842,1.3684210526315788,1.4736842105263157,1.5789473684210527,1.6842105263157894,1.789473684210526,1.894736842105263,2.0]],"y":[[-2.0,-2.0,-2.0,-2.0,-2.0,-2.0,-2.0,-2.0,-2.0,-2.0,-2.0,-2.0,-2.0,-2.0,-2.0,-2.0,-2.0,-2.0,-2.0,-2.0],[-1.8947368421052633,-1.8947368421052633,-1.8947368421052633,-1.8947368421052633,-1.8947368421052633,-1.8947368421052633,-1.8947368421052633,-1.8947368421052633,-1.8947368421052633,-1.8947368421052633,-1.8947368421052633,-1.8947368421052633,-1.8947368421052633,-1.8947368421052633,-1.8947368421052633,-1.8947368421052633,-1.8947368421052633,-1.8947368421052633,-1.8947368421052633,-1.8947368421052633],[-1.7894736842105263,-1.7894736842105263,-1.7894736842105263,-1.7894736842105263,-1.7894736842105263,-1.7894736842105263,-1.7894736842105263,-1.7894736842105263,-1.7894736842105263,-1.7894736842105263,-1.7894736842105263,-1.7894736842105263,-1.7894736842105263,-1.7894736842105263,-1.7894736842105263,-1.7894736842105263,-1.7894736842105263,-1.7894736842105263,-1.7894736842105263,-1.7894736842105263],[-1.6842105263157894,-1.6842105263157894,-1.6842105263157894,-1.6842105263157894,-1.6842105263157894,-1.6842105263157894,-1.6842105263157894,-1.6842105263157894,-1.6842105263157894,-1.6842105263157894,-1.6842105263157894,-1.6842105263157894,-1.6842105263157894,-1.6842105263157894,-1.6842105263157894,-1.6842105263157894,-1.6842105263157894,-1.6842105263157894,-1.6842105263157894,-1.6842105263157894],[-1.5789473684210527,-1.5789473684210527,-1.5789473684210527,-1.5789473684210527,-1.5789473684210527,-1.5789473684210527,-1.5789473684210527,-1.5789473684210527,-1.5789473684210527,-1.5789473684210527,-1.5789473684210527,-1.5789473684210527,-1.5789473684210527,-1.5789473684210527,-1.5789473684210527,-1.5789473684210527,-1.5789473684210527,-1.5789473684210527,-1.5789473684210527,-1.5789473684210527],[-1.473684210526316,-1.473684210526316,-1.473684210526316,-1.473684210526316,-1.473684210526316,-1.473684210526316,-1.473684210526316,-1.473684210526316,-1.473684210526316,-1.473684210526316,-1.473684210526316,-1.473684210526316,-1.473684210526316,-1.473684210526316,-1.473684210526316,-1.473684210526316,-1.473684210526316,-1.473684210526316,-1.473684210526316,-1.473684210526316],[-1.368421052631579,-1.368421052631579,-1.368421052631579,-1.368421052631579,-1.368421052631579,-1.368421052631579,-1.368421052631579,-1.368421052631579,-1.368421052631579,-1.368421052631579,-1.368421052631579,-1.368421052631579,-1.368421052631579,-1.368421052631579,-1.368421052631579,-1.368421052631579,-1.368421052631579,-1.368421052631579,-1.368421052631579,-1.368421052631579],[-1.263157894736842,-1.263157894736842,-1.263157894736842,-1.263157894736842,-1.263157894736842,-1.263157894736842,-1.263157894736842,-1.263157894736842,-1.263157894736842,-1.263157894736842,-1.263157894736842,-1.263157894736842,-1.263157894736842,-1.263157894736842,-1.263157894736842,-1.263157894736842,-1.263157894736842,-1.263157894736842,-1.263157894736842,-1.263157894736842],[-1.1578947368421053,-1.1578947368421053,-1.1578947368421053,-1.1578947368421053,-1.1578947368421053,-1.1578947368421053,-1.1578947368421053,-1.1578947368421053,-1.1578947368421053,-1.1578947368421053,-1.1578947368421053,-1.1578947368421053,-1.1578947368421053,-1.1578947368421053,-1.1578947368421053,-1.1578947368421053,-1.1578947368421053,-1.1578947368421053,-1.1578947368421053,-1.1578947368421053],[-1.0526315789473686,-1.0526315789473686,-1.0526315789473686,-1.0526315789473686,-1.0526315789473686,-1.0526315789473686,-1.0526315789473686,-1.0526315789473686,-1.0526315789473686,-1.0526315789473686,-1.0526315789473686,-1.0526315789473686,-1.0526315789473686,-1.0526315789473686,-1.0526315789473686,-1.0526315789473686,-1.0526315789473686,-1.0526315789473686,-1.0526315789473686,-1.0526315789473686],[-0.9473684210526316,-0.9473684210526316,-0.9473684210526316,-0.9473684210526316,-0.9473684210526316,-0.9473684210526316,-0.9473684210526316,-0.9473684210526316,-0.9473684210526316,-0.9473684210526316,-0.9473684210526316,-0.9473684210526316,-0.9473684210526316,-0.9473684210526316,-0.9473684210526316,-0.9473684210526316,-0.9473684210526316,-0.9473684210526316,-0.9473684210526316,-0.9473684210526316],[-0.8421052631578947,-0.8421052631578947,-0.8421052631578947,-0.8421052631578947,-0.8421052631578947,-0.8421052631578947,-0.8421052631578947,-0.8421052631578947,-0.8421052631578947,-0.8421052631578947,-0.8421052631578947,-0.8421052631578947,-0.8421052631578947,-0.8421052631578947,-0.8421052631578947,-0.8421052631578947,-0.8421052631578947,-0.8421052631578947,-0.8421052631578947,-0.8421052631578947],[-0.736842105263158,-0.736842105263158,-0.736842105263158,-0.736842105263158,-0.736842105263158,-0.736842105263158,-0.736842105263158,-0.736842105263158,-0.736842105263158,-0.736842105263158,-0.736842105263158,-0.736842105263158,-0.736842105263158,-0.736842105263158,-0.736842105263158,-0.736842105263158,-0.736842105263158,-0.736842105263158,-0.736842105263158,-0.736842105263158],[-0.6315789473684212,-0.6315789473684212,-0.6315789473684212,-0.6315789473684212,-0.6315789473684212,-0.6315789473684212,-0.6315789473684212,-0.6315789473684212,-0.6315789473684212,-0.6315789473684212,-0.6315789473684212,-0.6315789473684212,-0.6315789473684212,-0.6315789473684212,-0.6315789473684212,-0.6315789473684212,-0.6315789473684212,-0.6315789473684212,-0.6315789473684212,-0.6315789473684212],[-0.5263157894736843,-0.5263157894736843,-0.5263157894736843,-0.5263157894736843,-0.5263157894736843,-0.5263157894736843,-0.5263157894736843,-0.5263157894736843,-0.5263157894736843,-0.5263157894736843,-0.5263157894736843,-0.5263157894736843,-0.5263157894736843,-0.5263157894736843,-0.5263157894736843,-0.5263157894736843,-0.5263157894736843,-0.5263157894736843,-0.5263157894736843,-0.5263157894736843],[-0.42105263157894735,-0.42105263157894735,-0.42105263157894735,-0.42105263157894735,-0.42105263157894735,-0.42105263157894735,-0.42105263157894735,-0.42105263157894735,-0.42105263157894735,-0.42105263157894735,-0.42105263157894735,-0.42105263157894735,-0.42105263157894735,-0.42105263157894735,-0.42105263157894735,-0.42105263157894735,-0.42105263157894735,-0.42105263157894735,-0.42105263157894735,-0.42105263157894735],[-0.3157894736842106,-0.3157894736842106,-0.3157894736842106,-0.3157894736842106,-0.3157894736842106,-0.3157894736842106,-0.3157894736842106,-0.3157894736842106,-0.3157894736842106,-0.3157894736842106,-0.3157894736842106,-0.3157894736842106,-0.3157894736842106,-0.3157894736842106,-0.3157894736842106,-0.3157894736842106,-0.3157894736842106,-0.3157894736842106,-0.3157894736842106,-0.3157894736842106],[-0.2105263157894739,-0.2105263157894739,-0.2105263157894739,-0.2105263157894739,-0.2105263157894739,-0.2105263157894739,-0.2105263157894739,-0.2105263157894739,-0.2105263157894739,-0.2105263157894739,-0.2105263157894739,-0.2105263157894739,-0.2105263157894739,-0.2105263157894739,-0.2105263157894739,-0.2105263157894739,-0.2105263157894739,-0.2105263157894739,-0.2105263157894739,-0.2105263157894739],[-0.10526315789473695,-0.10526315789473695,-0.10526315789473695,-0.10526315789473695,-0.10526315789473695,-0.10526315789473695,-0.10526315789473695,-0.10526315789473695,-0.10526315789473695,-0.10526315789473695,-0.10526315789473695,-0.10526315789473695,-0.10526315789473695,-0.10526315789473695,-0.10526315789473695,-0.10526315789473695,-0.10526315789473695,-0.10526315789473695,-0.10526315789473695,-0.10526315789473695],[0.0,0.0,0.0,0.0,0.0,0.0,0.0,0.0,0.0,0.0,0.0,0.0,0.0,0.0,0.0,0.0,0.0,0.0,0.0,0.0]],"z":[[-0.6536436208636119,-0.645218044500885,-0.6194702113945822,-0.5750505940360654,-0.5099302137054331,-0.42175558916684874,-0.30838708783068514,-0.16864290561917392,-0.0032477004372170864,0.18406246449049957,0.3854027592375381,0.5877955352587357,0.7727604124765096,0.9168778478299145,0.9937969695065978,0.9780539466839384,0.8507530832915888,0.6065910014298922,0.26089957375711004,-0.14550003380861354],[-0.9011266999554245,-0.8962675385815027,-0.8810322861250394,-0.8534858448110886,-0.8105414250608356,-0.7482053423453332,-0.6619889477582265,-0.5475428730575922,-0.4015603903300496,-0.22296438524057902,-0.014327548321206423,0.21662782568111044,0.45574284385994074,0.6817959825609297,0.8671164939148829,0.9800501218577462,0.9897347565911894,0.873203759074926,0.624058658745108,0.2608995737571092],[-0.9981629636307818,-0.997430387694096,-0.994498352608977,-0.9871720355882428,-0.971832950490188,-0.943541810723542,-0.8962675385815027,-0.823320431685497,-0.7180744593139157,-0.5750505940360654,-0.3913882186408225,-0.16864290561917392,0.08529120339462383,0.3545224203660029,0.6143581498327995,0.8321102831229847,0.9702816814464335,0.99265