<html>
<head><meta charset="utf-8" /></head>
<body>
    <div>                        <script type="text/javascript">window.PlotlyConfig = {MathJaxConfig: 'local'};</script>
        <script src="https://cdn.plot.ly/plotly-2.2.0.min.js"></script>                <div id="d8e445bc-b8fd-4175-a062-bbe15117703b" class="plotly-graph-div" style="height:100%; width:100%;"></div>            <script type="text/javascript">                                    window.PLOTLYENV=window.PLOTLYENV || {};                                    if (document.getElementById("d8e445bc-b8fd-4175-a062-bbe15117703b")) {                    Plotly.newPlot(                        "d8e445bc-b8fd-4175-a062-bbe15117703b",                        [{"colorbar":{"len":1,"title":{"side":"right","text":"cos(x**2 + y**2)"},"x":1.0,"y":0,"yanchor":"bottom"},"colorscale":[[0.0,"rgb(36, 86, 104)"],[0.16666666666666666,"rgb(15, 114, 121)"],[0.3333333333333333,"rgb(13, 143, 129)"],[0.5,"rgb(57, 171, 126)"],[0.6666666666666666,"rgb(110, 197, 116)"],[0.8333333333333334,"rgb(169, 220, 103)"],[1.0,"rgb(237, 239, 93)"]],"contours":{"showlabels":false},"type":"contour","x":[-3.0,-2.9393939393939394,-2.878787878787879,-2.8181818181818183,-2.757575757575758,-2.696969696969697,-2.6363636363636362,-2.5757575757575757,-2.515151515151515,-2.4545454545454546,-2.393939393939394,-2.333333333333333,-2.2727272727272725,-2.212121212121212,-2.1515151515151514,-2.090909090909091,-2.0303030303030303,-1.9696969696969697,-1.9090909090909092,-1.8484848484848484,-1.7878787878787878,-1.7272727272727273,-1.6666666666666665,-1.606060606060606,-1.5454545454545454,-1.4848484848484849,-1.4242424242424243,-1.3636363636363635,-1.303030303030303,-1.2424242424242424,-1.1818181818181817,-1.121212121212121,-1.0606060606060606,-1.0,-0.9393939393939394,-0.8787878787878789,-0.8181818181818183,-0.7575757575757573,-0.6969696969696968,-0.6363636363636362,-0.5757575757575757,-0.5151515151515151,-0.4545454545454546,-0.39393939393939403,-0.33333333333333304,-0.2727272727272725,-0.21212121212121193,-0.15151515151515138,-0.09090909090909083,-0.030303030303030276,0.030303030303030276,0.09090909090909083,0.15151515151515138,0.21212121212121238,0.27272727272727293,0.3333333333333335,0.39393939393939403,0.4545454545454546,0.5151515151515151,0.5757575757575757,0.6363636363636367,0.6969696969696972,0.7575757575757578,0.8181818181818183,0.8787878787878789,0.9393939393939394,1.0,1.0606060606060606,1.121212121212121,1.1818181818181817,1.2424242424242422,1.3030303030303028,1.3636363636363633,1.4242424242424248,1.4848484848484853,1.5454545454545459,1.6060606060606064,1.666666666666667,1.7272727272727275,1.787878787878788,1.8484848484848486,1.9090909090909092,1.9696969696969697,2.0303030303030303,2.090909090909091,2.1515151515151514,2.212121212121212,2.2727272727272725,2.333333333333334,2.3939393939393945,2.454545454545455,2.5151515151515156,2.575757575757576,2.6363636363636367,2.6969696969696972,2.757575757575758,2.8181818181818183,2.878787878787879,2.9393939393939394,3.0],"y":[-3.0,-2.9393939393939394,-2.878787878787879,-2.8181818181818183,-2.757575757575758,-2.696969696969697,-2.6363636363636362,-2.5757575757575757,-2.515151515151515,-2.4545454545454546,-2.393939393939394,-2.333333333333333,-2.2727272727272725,-2.212121212121212,-2.1515151515151514,-2.090909090909091,-2.0303030303030303,-1.9696969696969697,-1.9090909090909092,-1.8484848484848484,-1.7878787878787878,-1.7272727272727273,-1.6666666666666665,-1.606060606060606,-1.5454545454545454,-1.4848484848484849,-1.4242424242424243,-1.3636363636363635,-1.303030303030303,-1.2424242424242424,-1.1818181818181817,-1.121212121212121,-1.0606060606060606,-1.0,-0.9393939393939394,-0.8787878787878789,-0.8181818181818183,-0.7575757575757573,-0.6969696969696968,-0.6363636363636362,-0.5757575757575757,-0.5151515151515151,-0.4545454545454546,-0.39393939393939403,-0.33333333333333304,-0.2727272727272725,-0.21212121212121193,-0.15151515151515138,-0.09090909090909083,-0.030303030303030276,0.030303030303030276,0.09090909090909083,0.15151515151515138,0.21212121212121238,0.27272727272727293,0.3333333333333335,0.39393939393939403,0.4545454545454546,0.5151515151515151,0.5757575757575757,0.6363636363636367,0.6969696969696972,0.7575757575757578,0.8181818181818183,0.8787878787878789,0.9393939393939394,1.0,1.0606060606060606,1.121212121212121,1.1818181818181817,1.2424242424242422,1.3030303030303028,1.3636363636363633,1.4242424242424248,1.4848484848484853,1.5454545454545459,1.6060606060606064,1.666666666666667,1.7272727272727275,1.787878787878788,1.8484848484848486,1.9090909090909092,1.9696969696969697,2.0303030303030303,2.090909090909091,2.1515151515151514,2.212121212121212,2.2727272727272725,2.333333333333334,2.3939393939393945,2.454545454545455,2.5151515151515156,2.575757575757576,2.6363636363636367,2.6969696969696972,2.757575757575758,2.8181818181818183,2.878787878787879,2.9393939393939394,3.0],"z":[[0.6603167082440802,0.3534692133718406,0.008659948066798241,-0.3302900313000414,-0.6245346390438027,-0.8442231012130269,-0.9707526995309506,-0.9973047753928832,-0.9279298380460894,-0.7755756173852463,-0.5594970687392521,-0.3024647840910071,-0.02811860836693053,0.24128201913967876,0.4865613929671756,0.6927289444946798,0.8494998337555697,0.951310739337506,0.9969394454763257,0.9888494891236246,0.9323779430326248,0.8348701186203953,0.70484420161652,0.5512455739365488,0.38282790655616356,0.20767812784963122,0.03288626477651677,-0.1356506520802955,-0.2933090718119438,-0.4367262357888581,-0.5637178035939964,-0.6731481455176854,-0.7647730873012836,-0.8390715290764524,-0.8970787135782157,-0.9402303667305738,-0.9702237281526661,-0.9888987732397908,-0.9981407596909527,-0.9998036044379023,-0.9956524650546916,-0.9873231922561703,-0.976295956468242,-0.9638802512400705,-0.951208565805954,-0.9392362353292738,-0.9287452694837752,-0.9203502896688942,-0.9145050454733595,-0.9115083152307735,-0.9115083152307735,-0.9145050454733595,-0.9203502896688942,-0.9287452694837752,-0.9392362353292738,-0.951208565805954,-0.9638802512400705,-0.976295956468242,-0.9873231922561703,-0.9956524650546916,-0.9998036044379023,-0.9981407596909526,-0.9888987732397908,-0.9702237281526661,-0.9402303667305738,-0.8970787135782157,-0.8390715290764524,-0.7647730873012836,-0.6731481455176854,-0.5637178035939964,-0.43672623578885966,-0.2933090718119438,-0.1356506520802955,0.03288626477651854,0.20767812784963122,0.38282790655616356,0.5512455739365503,0.7048442016165212,0.8348701186203953,0.9323779430326254,0.9888494891236248,0.9969394454763257,0.951310739337506,0.8494998337555697,0.6927289444946798,0.4865613929671756,0.24128201913967876,-0.02811860836693053,-0.3024647840910104,-0.5594970687392535,-0.7755756173852474,-0.9279298380460901,-0.9973047753928834,-0.9707526995309501,-0.8442231012130269,-0.6245346390438027,-0.3302900313000414,0.008659948066798241,0.3534692133718406,0.6603167082440802],[0.3534692133718406,0.0013138667697703262,-0.3441217184153125,-0.6415936416531489,-0.8596063754563277,-0.9789143647620295,-0.9931032526653042,-0.9075433697067368,-0.7371594616253782,-0.503515736395404,-0.23169098780915529,0.05266139504358031,0.325784098748118,0.5676511418617931,0.7631106360943332,0.9023664752524568,0.9808930211000174,0.9989131242920491,0.9605826372383739,0.8730188969206418,0.745292211062903,0.5874737267103436,0.4098049493220522,0.22202723945577268,0.032886264776514997,-0.15019206018512246,-0.32127075404892336,-0.47594077857487604,-0.6112583513201308,-0.7256093717122666,-0.8185276538400678,-0.8904899919048012,-0.9427066382932425,-0.9769211535456652,-0.9952292240778013,-0.9999222119725603,-0.9933580441740266,-0.9778596066750888,-0.9556390511491448,-0.9287452694837752,-0.8990311443703033,-0.8681369326220233,-0.8374861775948663,-0.8082907848663319,-0.7815622534781801,-0.7581264725057378,-0.7386399245704434,-0.723605553807626,-0.7133869377933959,-0.7082197431685682,-0.7082197431685682,-0.7133869377933959,-0.723605553807626,-0.7386399245704434,-0.7581264725057378,-0.7815622534781801,-0.8082907848663319,-0.8374861775948663,-0.8681369326220233,-0.8990311443703033,-0.9287452694837752,-0.9556390511491454,-0.9778596066750888,-0.9933580441740266,-0.9999222119725603,-0.9952292240778013,-0.9769211535456652,-0.9427066382932425,-0.8904899919048012,-0.8185276538400678,-0.7256093717122679,-0.6112583513201308,-0.4759407785748776,-0.3212707540489217,-0.1501920601851207,0.03288626477651677,0.2220272394557744,0.4098049493220538,0.5874737267103436,0.745292211062903,0.8730188969206427,0.9605826372383739,0.9989131242920491,0.9808930211000174,0.9023664752524568,0.7631106360943332,0.5676511418617931,0.325784098748118,0.05266139504357499,-0.231690987809157,-0.5035157363954071,-0.7371594616253794,-0.9075433697067375,-0.9931032526653044,-0.9789143647620288,-0.8596063754563277,-0.6415936416531489,-0.3441217184153125,0.0013138667697703262,0.3534692133718406],[0.008659948066798241,-0.3441217184153125,-0.6472111343627445,-0.8670204981660803,-0.9831781229416761,-0.9892298667839287,-0.8915092270738519,-0.706669396347877,-0.4584406885785967,-0.17415353165920894,0.11852220891325653,0.39429708846391875,0.6322532097493377,0.8170449343526867,0.939349913589125,0.9956832707427671,0.9877288340255468,0.9213548158287483,0.8054731736473444,0.650878931490559,0.46917463018128314,0.2718514711370414,0.0695669065761543,-0.12836877090147036,-0.314305399283283,-0.4823886849311313,-0.6285505101141933,-0.7503890768850963,-0.8469736436211586,-0.918605327192849,-0.9665604908896643,-0.9928375399757688,-0.9999222119725603,-0.9905811703516054,-0.9676891870250647,-0.9340915698894351,-0.8925007749330481,-0.8454242731387633,-0.7951196055397505,-0.7435720167031562,-0.6924899652153047,-0.643314036613309,-0.5972352144147637,-0.5552190044956945,-0.5180324850370558,-0.48627191709958495,-0.4603890660326676,-0.44071483266325034,-0.4274791685559302,-0.42082655344325315,-0.42082655344325315,-0.4274791685559302,-0.44071483266325034,-0.4603890660326676,-0.48627191709958495,-0.5180324850370558,-0.5552190044956945,-0.5972352144147637,-0.643314036613309,-0.6924899652153047,-0.7435720167031562,-0.7951196055397515,-0.8454242731387633,-0.8925007749330481,-0.9340915698894351,-0.9676891870250647,-0.9905811703516054,-0.9999222119725603,-0.9928375399757688,-0.9665604908896643,-0.9186053271928497,-0.8469736436211586,-0.7503890768850963,-0.6285505101141919,-0.4823886849311313,-0.314305399283283,-0.12836877090146862,0.06956690657615608,0.2718514711370414,0.4691746301812847,0.6508789314905603,0.8054731736473444,0.9213548158287483,0.9877288340255468,0.9956832707427671,0.939349913589125,0.8170449343526867,0.6322532097493377,0.3942970884639155,0.11852220891325477,-0.1741535316592107,-0.4584406885785983,-0.7066693963478782,-0.8915092270738527,-0.989229866783929,-0.9831781229416761,-0.8670204981660803,-0.6472111343627445,-0.3441217184153125,0.008659948066798241],[-0.3302900313000414,-0.6415936416531489,-0.8670204981660803,-0.9844933581991794,-0.9869726474151,-0.8813100146784694,-0.6855763132552637,-0.4254950976432518,-0.13059486874303217,0.16940389674958634,0.4475934630676174,0.6820584443338386,0.8571594029809686,0.9639684385369433,0.999988501165108,0.9683355809664942,0.8765779443211202,0.7354161568292568,0.5573598863174624,0.35552032948866136,0.14259729469278876,-0.069897411663481,-0.27217029034290185,-0.45644434985366505,-0.6170558081310351,-0.7503890768850963,-0.8546929286583662,-0.9298192507666777,-0.9769211535456648,-0.9981407596909526,-0.9963098608852232,-0.9746796192272538,-0.9366891774117045,-0.8857777484062217,-0.8252406150833014,-0.7581264725057391,-0.6871715844031735,-0.6147651401486169,-0.5429398061641634,-0.4733815841370328,-0.40745355216402646,-0.3462287335349425,-0.29052809944248414,-0.2409604829061568,-0.19796190377343748,-0.1618324428223495,-0.1327693382982758,-0.11089540560565306,-0.09628220492232233,-0.08896761336563486,-0.08896761336563486,-0.09628220492232233,-0.11089540560565306,-0.1327693382982758,-0.1618324428223495,-0.19796190377343748,-0.2409604829061568,-0.29052809944248414,-0.3462287335349425,-0.40745355216402646,-0.47338158413703435,-0.5429398061641634,-0.6147651401486184,-0.6871715844031735,-0.7581264725057391,-0.8252406150833014,-0.8857777484062217,-0.9366891774117045,-0.9746796192272538,-0.9963098608852232,-0.9981407596909526,-0.9769211535456652,-0.9298192507666777,-0.8546929286583662,-0.7503890768850952,-0.6170558081310337,-0.45644434985366344,-0.27217029034290185,-0.06989741166347922,0.14259729469279053,0.35552032948866136,0.5573598863174624,0.7354161568292568,0.8765779443211202,0.9683355809664942,0.999988501165108,0.9639684385369433,0.8571594029809686,0.6820584443338347,0.44759346306761416,0.16940389674958284,-0.1305948687430357,-0.4254950976432518,-0.6855763132552637,-0.881310014678471,-0.9869726474151,-0.9844933581991794,-0.8670204981660803,-0.6415936416531489,-0.3302900313000414],[-0.6245346390438027,-0.8596063754563277,-0.9831781229416761,-0.9869726474151,-0.8778149080064553,-0.6748066403877989,-0.40544934697980006,-0.1014095829642223,0.2054815563538415,0.4865613929671725,0.7187460249471332,0.8859314646966766,0.9794373807994932,0.9976433959062603,0.945023747926506,0.8308039398967035,0.667450791776258,0.4691746301812847,0.2505785937873709,0.02554322782665889,-0.19360923977320646,-0.39666336132496943,-0.5757919506872835,-0.7256093717122666,-0.8430453343475133,-0.9270906666623294,-0.9784639267662025,-0.9992415356798726,-0.9924859636635811,-0.9618977057482939,-0.9115083152307742,-0.8454242731387633,-0.7676253132000896,-0.6818161195157796,-0.5913270225246704,-0.4990572823860079,-0.40745355216402807,-0.3185159200972521,-0.2338243119979061,-0.1545787877381452,-0.08164822056025656,-0.015622872764881328,0.04313261959589629,0.09442843089975138,0.13820269432215396,0.17447977074499255,0.20333430072061331,0.22486134441225883,0.23915267769304335,0.24627917771623387,0.24627917771623387,0.23915267769304335,0.22486134441225883,0.20333430072061331,0.17447977074499166,0.1382026943221531,0.09442843089975138,0.04313261959589629,-0.015622872764881328,-0.08164822056025656,-0.15457878773814696,-0.2338243119979061,-0.31851592009725377,-0.40745355216402807,-0.4990572823860079,-0.5913270225246704,-0.6818161195157796,-0.7676253132000896,-0.8454242731387633,-0.9115083152307742,-0.9618977057482939,-0.9924859636635809,-0.9992415356798726,-0.9784639267662025,-0.9270906666623288,-0.8430453343475124,-0.7256093717122654,-0.5757919506872835,-0.3966633613249678,-0.1936092397732047,0.02554322782665889,0.2505785937873709,0.4691746301812847,0.667450791776258,0.8308039398967035,0.945023747926506,0.9976433959062603,0.9794373807994932,0.8859314646966742,0.7187460249471307,0.4865613929671694,0.205481556353838,-0.1014095829642223,-0.40544934697980006,-0.6748066403878016,-0.8778149080064553,-0.9869726474151,-0.9831781229416761,-0.8596063754563277,-0.6245346390438027],[-0.8442231012130269,-0.9789143647620295,-0.9892298667839287,-0.8813100146784694,-0.6748066403877989,-0.3987231869219363,-0.0867825279961156,0.2269981976745566,0.512019536188201,0.7437935093204938,0.9055080818721625,0.9885126761261618,0.9918910399026253,0.9213548158287469,0.7877136021312667,0.6051641830238745,0.3896040697159422,0.1571236146512086,-0.0772236814440007,-0.30032418090781493,-0.5015748229081115,-0.6731481455176868,-0.809999324584438,-0.9096738405914105,-0.9719768564937675,-0.9985615802476568,-0.9924859636635807,-0.957776994513159,-0.8990311443703033,-0.8210693944953703,-0.7286564237366147,-0.626286400045975,-0.5180324850370543,-0.40745355216402646,-0.29754951888627573,-0.1907558209248343,-0.08896761336563308,0.006415015135468529,0.09442843089975403,0.1744797707449943,0.24627917771623645,0.3097736889169744,0.3650853851475951,0.4124554665736445,0.4521951630489579,0.4846438179553319,0.510134085266853,0.52896392944868,0.5413749924688694,0.5475368670645984,0.5475368670645984,0.5413749924688694,0.52896392944868,0.510134085266853,0.4846438179553311,0.4521951630489571,0.4124554665736445,0.3650853851475951,0.3097736889169744,0.24627917771623645,0.1744797707449943,0.09442843089975314,0.006415015135467641,-0.08896761336563308,-0.1907558209248343,-0.29754951888627573,-0.40745355216402646,-0.5180324850370543,-0.626286400045975,-0.7286564237366147,-0.8210693944953703,-0.8990311443703025,-0.957776994513159,-0.9924859636635809,-0.9985615802476567,-0.9719768564937671,-0.9096738405914105,-0.8099993245844369,-0.6731481455176854,-0.5015748229081115,-0.30032418090781493,-0.0772236814440007,0.1571236146512086,0.3896040697159422,0.6051641830238745,0.7877136021312667,0.9213548158287469,0.9918910399026253,0.9885126761261612,0.9055080818721625,0.7437935093204926,0.512019536188201,0.22699819767455312,-0.08678252799611914,-0.398723186921938,-0.6748066403877989,-0.8813100146784694,-0.9892298667839287,-0.9789143647620295,-0.8442231012130269],[-0.9707526995309506,-0.9931032526653042,-0.8915092270738519,-0.6855763132552637,-0.40544934697980006,-0.0867825279961156,0.23414642640970634,0.5245841874270487,0.7583424816770622,0.9175841837767215,0.9933961117939115,0.9853276751124688,0.9001562856865528,0.7501700399425583,0.5512455739365488,0.32095698853240445,0.07689335499274744,-0.16470104751676581,-0.3899091804810337,-0.5877418061221998,-0.7503890768850963,-0.8731804251503853,-0.9543223044766613,-0.9944856503661518,-0.9963098608852231,-0.9638802512400705,-0.9022236405289393,-0.8168538638691445,-0.7133869377933959,-0.5972352144147623,-0.4733815841370328,-0.3462287335349425,-0.21951450010916987,-0.09628220492232144,0.021105870187469327,0.13092333574064816,0.23201327149605355,0.3237094170447417,0.405752182442816,0.4782050017247664,0.5413749924688687,0.595740523925444,0.6418871711382866,0.6804526508457563,0.7120806849063116,0.7373832946369483,0.7569107647751115,0.7711283970709082,0.7803991703361096,0.7849715086530293,0.7849715086530293,0.7803991703361096,0.7711283970709082,0.7569107647751115,0.7373832946369477,0.7120806849063109,0.6804526508457563,0.6418871711382866,0.595740523925444,0.5413749924688687,0.4782050017247664,0.4057521824428152,0.3237094170447417,0.23201327149605355,0.13092333574064816,0.021105870187469327,-0.09628220492232144,-0.21951450010916987,-0.3462287335349425,-0.4733815841370328,-0.5972352144147609,-0.7133869377933959,-0.8168538638691435,-0.9022236405289401,-0.9638802512400709,-0.9963098608852232,-0.9944856503661517,-0.9543223044766608,-0.8731804251503853,-0.7503890768850963,-0.5877418061221984,-0.3899091804810337,-0.16470104751676581,0.07689335499274744,0.32095698853240445,0.5512455739365488,0.7501700399425583,0.9001562856865528,0.9853276751124697,0.9933961117939113,0.91758418377672,0.7583424816770611,0.5245841874270473,0.23414642640970462,-0.08678252799611914,-0.40544934697980006,-0.6855763132552637,-0.8915092270738519,-0.9931032526653042,-0.9707526995309506],[-0.9973047753928832,-0.9075433697067368,-0.706669396347877,-0.4254950976432518,-0.1014095829642223,0.2269981976745566,0.5245841874270487,0.7631106360943332,0.9233257683320888,0.9956832707427672,0.9798878368213529,0.8835539327263859,0.7203050976802229,0.5076311029972905,0.2647746733575796,0.010853414860664445,-0.2366503374184902,-0.46296826099706306,-0.6566883084861281,-0.809999324584438,-0.9186053271928497,-0.9813909807051043,-0.9999222119725603,-0.9778596066750888,-0.9203502896688935,-0.8334492281270907,-0.723605553807626,-0.5972352144147623,-0.46038906603266605,-0.3185159200972521,-0.1763131615380521,-0.03765317296714629,0.09442843089975314,0.21769728240436756,0.3306512648165335,0.4324303259319503,0.52271541080278,0.601624685790554,0.6696131381761783,0.7273797373958593,0.7757847168004807,0.8157782132851947,0.848340486872509,0.8744332114041644,0.8949608457807143,0.9107408217331382,0.922481177457518,0.9307642881351689,0.9360354609675093,0.9385953463313137,0.9385953463313137,0.9360354609675093,0.9307642881351689,0.922481177457518,0.9107408217331378,0.894960845780714,0.8744332114041644,0.848340486872509,0.8157782132851947,0.7757847168004807,0.7273797373958593,0.6696131381761776,0.601624685790554,0.52271541080278,0.4324303259319503,0.3306512648165335,0.21769728240436756,0.09442843089975314,-0.03765317296714629,-0.1763131615380521,-0.31851592009725044,-0.46038906603266605,-0.5972352144147609,-0.7236055538076273,-0.8334492281270917,-0.9203502896688942,-0.9778596066750892,-0.9999222119725603,-0.9813909807051043,-0.9186053271928497,-0.8099993245844369,-0.6566883084861281,-0.46296826099706306,-0.2366503374184902,0.010853414860664445,0.2647746733575796,0.5076311029972905,0.7203050976802229,0.8835539327263884,0.9798878368213533,0.9956832707427669,0.9233257683320881,0.7631106360943319,0.5245841874270473,0.22699819767455312,-0.1014095829642223,-0.4254950976432518,-0.706669396347877,-0.9075433697067368,-0.9973047753928832],[-0.9279298380460894,-0.7371594616253782,-0.4584406885785967,-0.13059486874303217,0.2054815563538415,0.512019536188201,0.7583424816770622,0.9233257683320888,0.9963382424301498,0.9768503316982197,0.8730188969206427,0.6996141210907537,0.4756493714312687,0.22202723945577268,-0.04055856816635623,-0.2933090718119438,-0.5205173566275482,-0.7102695034333906,-0.8546929286583671,-0.9498296861083297,-0.9952292240778013,-0.9933580441740266,-0.9489162629234679,-0.8681369326220233,-0.7581264725057391,-0.6262864000459765,-0.4798396981934747,-0.32547084426062134,-0.1690773644160734,-0.015622872764879552,0.13092333574064816,0.26757739844498807,0.39228028633973844,0.5038019573438143,0.6016246857905532,0.685817470711621,0.756910764775111,0.8157782132851947,0.8635298090648408,0.9014189424660607,0.9307642881351685,0.9528863131628583,0.9690573803772308,0.9804639068013535,0.9881787661637893,0.9931420421354802,0.9961482969761773,0.9978386771272199,0.9986963998397999,0.9990444281880749,0.9990444281880749,0.9986963998397999,0.9978386771272199,0.9961482969761773,0.9931420421354801,0.9881787661637892,0.9804639068013535,0.9690573803772308,0.9528863131628583,0.9307642881351685,0.9014189424660607,0.8635298090648403,0.8157782132851947,0.756910764775111,0.685817470711621,0.6016246857905532,0.5038019573438143,0.39228028633973844,0.26757739844498807,0.13092333574064816,-0.015622872764878663,-0.1690773644160734,-0.32547084426062134,-0.47983969819347627,-0.6262864000459765,-0.7581264725057391,-0.8681369326220242,-0.9489162629234684,-0.9933580441740266,-0.9952292240778012,-0.9498296861083292,-0.8546929286583671,-0.7102695034333906,-0.5205173566275482,-0.2933090718119438,-0.04055856816635623,0.22202723945577268,0.4756493714312687,0.6996141210907563,0.8730188969206436,0.9768503316982201,0.9963382424301497,0.9233257683320881,0.7583424816770611,0.5120195361881994,0.2054815563538415,-0.13059486874303217,-0.4584406885785967,-0.7371594616253782,-0.9279298380460894],[-0.7755756173852463,-0.503515736395404,-0.17415353165920894,0.16940389674958634,0.4865613929671725,0.7437935093204938,0.9175841837767215,0.9956832707427672,0.9768503316982197,0.8694127359619012,0.6890409776675768,0.4561495396755,0.19328418640714198,-0.07722368144400248,-0.33514907528582055,-0.5637178035939964,-0.7503890768850963,-0.8871234569134853,-0.9702237281526658,-0.9998570012399484,-0.9793704854634528,-0.9145050454733595,-0.8125942507010113,-0.6818161195157796,-0.5305434077070913,-0.3668184668538196,-0.19796190377343575,-0.030311243249028855,0.13092333574064816,0.28170465009629553,0.4191364920286013,0.5413749924688687,0.6475028515883821,0.7373832946369477,0.811507461615161,0.8708456748546307,0.9167099410608062,0.950632318925306,0.9742615168592972,0.9892783066731328,0.9973290290509954,0.9999755758870315,0.9986596972634717,0.9946792261209677,0.989173772975656,0.9831175551427627,0.9773172385121633,0.9724129445210759,0.968880880736565,0.9670363701790742,0.9670363701790742,0.968880880736565,0.9724129445210759,0.9773172385121633,0.9831175551427628,0.9891737729756561,0.9946792261209677,0.9986596972634717,0.9999755758870315,0.9973290290509954,0.9892783066731328,0.974261516859297,0.9506323189253058,0.9167099410608062,0.8708456748546307,0.811507461615161,0.7373832946369477,0.6475028515883821,0.5413749924688687,0.4191364920286013,0.28170465009629553,0.13092333574064904,-0.030311243249027967,-0.19796190377343748,-0.36681846685382125,-0.5305434077070927,-0.6818161195157796,-0.8125942507010124,-0.9145050454733603,-0.9793704854634528,-0.9998570012399484,-0.9702237281526658,-0.8871234569134853,-0.7503890768850963,-0.5637178035939964,-0.33514907528582055,-0.07722368144400248,0.19328418640714198,0.45614953967550315,0.6890409776675768,0.869412735961902,0.9768503316982197,0.9956832707427669,0.91758418377672,0.7437935093204926,0.4865613929671725,0.16940389674958634,-0.17415353165920894,-0.503515736395404,-0.7755756173852463],[-0.5594970687392521,-0.23169098780915529,0.11852220891325653,0.4475934630676174,0.7187460249471332,0.9055080818721625,0.9933961117939115,0.9798878368213529,0.8730188969206427,0.6890409776675768,0.44959989333502914,0.17884852223470216,-0.09917590560992866,-0.3626856996254257,-0.5936693173041899,-0.7787856636430104,-0.9096738405914105,-0.9827751034613356,-0.998789725442825,-0.9618977057482935,-0.8788635160364343,-0.7581264725057391,-0.608954589452112,-0.44071483266324873,-0.26228943630522383,-0.08164822056025567,0.09442843089975225,0.2604919215964699,0.4124554665736437,0.5475368670645977,0.664139030340343,0.7616911664122366,0.8404703092689192,0.9014189424660607,0.945970548667014,0.9758911965248342,0.9931420421354801,0.9997649645510157,0.9977915016837415,0.9891737729756561,0.9757351012074489,0.9591374922846696,0.940862908305562,0.9222052894734105,0.9042704682353543,0.8879814111223515,0.8740865707007808,0.8631694957651596,0.855658208368919,0.8518331977056022,0.8518331977056022,0.855658208368919,0.8631694957651596,0.8740865707007808,0.8879814111223518,0.9042704682353546,0.9222052894734105,0.940862908305562,0.9591374922846696,0.9757351012074489,0.9891737729756561,0.9977915016837416,0.9997649645510157,0.9931420421354801,0.9758911965248342,0.945970548667014,0.9014189424660607,0.8404703092689192,0.7616911664122366,0.664139030340343,0.5475368670645984,0.4124554665736437,0.2604919215964707,0.09442843089975049,-0.08164822056025656,-0.26228943630522383,-0.44071483266325034,-0.6089545894521134,-0.7581264725057391,-0.8788635160364352,-0.9618977057482939,-0.998789725442825,-0.9827751034613356,-0.9096738405914105,-0.7787856636430104,-0.5936693173041899,-0.3626856996254257,-0.09917590560992866,0.17884852223470565,0.44959989333503075,0.689040977667578,0.8730188969206436,0.9798878368213533,0.9933961117939113,0.9055080818721617,0.7187460249471332,0.4475934630676174,0.11852220891325653,-0.23169098780915529,-0.5594970687392521],[-0.3024647840910071,0.05266139504358031,0.39429708846391875,0.6820584443338386,0.8859314646966766,0.9885126761261618,0.9853276751124688,0.8835539327263859,0.6996141210907537,0.4561495396755,0.17884852223470216,-0.10648313562735792,-0.37633805861464054,-0.6112583513201323,-0.7968795760394305,-0.9243120509489373,-0.9899636557298346,-0.9949413375917879,-0.9441781552650196,-0.8454242731387615,-0.708219743168567,-0.5429398061641619,-0.3599745254269239,-0.16907736441607166,0.0211058701874711,0.20333430072061592,0.3719145838875394,0.5227154108027814,0.6530835887360699,0.7616911664122377,0.84834048687251,0.913750037229607,0.9593392809786531,0.9870258973495961,0.9990444281880749,0.9977915016837414,0.9856996883285324,0.9651396722926137,0.9383487460155778,0.907382569582425,0.87408657070078,0.840083182321732,0.8067712160013051,0.7753339559904996,0.7467529543114466,0.7218249506611693,0.7011797893785268,0.6852976301314089,0.6745241330506959,0.6690826363544112,0.6690826363544112,0.6745241330506959,0.6852976301314089,0.7011797893785268,0.7218249506611698,0.7467529543114472,0.7753339559904996,0.8067712160013051,0.840083182321732,0.87408657070078,0.907382569582425,0.9383487460155782,0.9651396722926137,0.9856996883285324,0.9977915016837414,0.9990444281880749,0.9870258973495961,0.9593392809786531,0.913750037229607,0.84834048687251,0.7616911664122383,0.6530835887360699,0.5227154108027822,0.37191458388753773,0.20333430072061506,0.021105870187470215,-0.1690773644160734,-0.35997452542692554,-0.5429398061641619,-0.7082197431685682,-0.8454242731387623,-0.9441781552650196,-0.9949413375917879,-0.9899636557298346,-0.9243120509489373,-0.7968795760394305,-0.6112583513201323,-0.37633805861464054,-0.10648313562735438,0.1788485222347039,0.45614953967550154,0.699614121090755,0.8835539327263867,0.9853276751124691,0.9885126761261616,0.8859314646966766,0.6820584443338386,0.39429708846391875,0.05266139504358031,-0.3024647840910071],[-0.02811860836693053,0.325784098748118,0.6322532097493377,0.8571594029809686,0.9794373807994932,0.9918910399026253,0.9001562856865528,0.7203050976802229,0.4756493714312687,0.19328418640714198,-0.09917590560992866,-0.37633805861464054,-0.6170558081310379,-0.8056694753610963,-0.9324976560105233,-0.9936884079907468,-0.9905811703516049,-0.9287452694837746,-0.8168538638691435,-0.6655301204584801,-0.48627191709958184,-0.2905280994424824,-0.08896761336563132,0.10904444058939847,0.2957710923908731,0.46525029733945683,0.6132952914375701,0.737383294636949,0.8364670781218644,0.9107408217331385,0.9613868783481665,0.9903244595395456,0.9999755758870315,0.9930583066658305,0.9724129445210756,0.9408629083055614,0.9011095667998286,0.8556582083689181,0.8067712160013051,0.7564439279997394,0.7063985412834034,0.6580916149200611,0.6127311411185166,0.5712996752712614,0.5345805831677637,0.5031850199908594,0.4775777678494541,0.4581005069611868,0.44499147254862875,0.43840075636893117,0.43840075636893117,0.44499147254862875,0.4581005069611868,0.4775777678494541,0.5031850199908602,0.5345805831677645,0.5712996752712614,0.6127311411185166,0.6580916149200611,0.7063985412834034,0.7564439279997394,0.8067712160013056,0.8556582083689181,0.9011095667998286,0.9408629083055614,0.9724129445210756,0.9930583066658305,0.9999755758870315,0.9903244595395456,0.9613868783481665,0.9107408217331389,0.8364670781218644,0.7373832946369495,0.6132952914375687,0.46525029733945605,0.2957710923908723,0.1090444405893967,-0.08896761336563308,-0.2905280994424824,-0.4862719170995834,-0.6655301204584815,-0.8168538638691435,-0.9287452694837746,-0.9905811703516049,-0.9936884079907468,-0.9324976560105233,-0.8056694753610963,-0.6170558081310379,-0.37633805861463726,-0.0991759056099269,0.1932841864071437,0.47564937143127023,0.7203050976802241,0.9001562856865536,0.9918910399026255,0.9794373807994932,0.8571594029809686,0.6322532097493377,0.325784098748118,-0.02811860836693053],[0.24128201913967876,0.5676511418617931,0.8170449343526867,0.9639684385369433,0.9976433959062603,0.9213548158287469,0.7501700399425583,0.5076311029972905,0.22202723945577268,-0.07722368144400248,-0.3626856996254257,-0.6112583513201323,-0.8056694753610963,-0.935125737850369,-0.9952292240778013,-0.9873231922561699,-0.917452423305712,-0.7951196055397494,-0.6319964874876084,-0.4407148326632471,-0.23382431199790438,-0.022967677746702535,0.18170850187002535,0.3719145838875394,0.5413749924688694,0.6858174707116217,0.8028348090651204,0.8916592631297161,0.9528863131628589,0.9881787661637895,0.9999755758870315,0.991223023561373,0.9651396722926139,0.9250211561733418,0.8740865707007803,0.8153650246765879,0.7516187221784812,0.6852976301314095,0.6185201858587354,0.5530744374837586,0.4904343270114899,0.4317863813433014,0.37806275624160013,0.3299772949686474,0.288061954553727,0.25270157772569934,0.22416552468056197,0.20263511716672986,0.18822618932686816,0.18100629407258134,0.18100629407258134,0.18822618932686816,0.20263511716672986,0.22416552468056197,0.25270157772570023,0.28806195455372785,0.3299772949686474,0.37806275624160013,0.4317863813433014,0.4904343270114899,0.5530744374837586,0.618520185858736,0.6852976301314095,0.7516187221784812,0.8153650246765879,0.8740865707007803,0.9250211561733418,0.9651396722926139,0.991223023561373,0.9999755758870315,0.9881787661637896,0.9528863131628589,0.8916592631297164,0.8028348090651193,0.685817470711621,0.5413749924688687,0.37191458388753773,0.1817085018700236,-0.022967677746702535,-0.23382431199790438,-0.44071483266324873,-0.6319964874876084,-0.7951196055397494,-0.917452423305712,-0.9873231922561699,-0.9952292240778013,-0.935125737850369,-0.8056694753610963,-0.6112583513201281,-0.362685699625424,-0.07722368144399894,0.2220272394557744,0.5076311029972921,0.7501700399425594,0.9213548158287483,0.9976433959062603,0.9639684385369433,0.8170449343526867,0.5676511418617931,0.24128201913967876],[0.4865613929671756,0.7631106360943332,0.939349913589125,0.999988501165108,0.945023747926506,0.7877136021312667,0.5512455739365488,0.2647746733575796,-0.04055856816635623,-0.33514907528582055,-0.5936693173041899,-0.7968795760394305,-0.9324976560105233,-0.9952292240778013,-0.9861305542694573,-0.9115083152307735,-0.7815622534781801,-0.608954589452112,-0.40745355216402646,-0.1907558209248343,0.028449787398969906,0.23915267769304593,0.4324303259319511,0.6016246857905546,0.7423255169682171,0.8522070086050509,0.9307642881351689,0.9789924751780563,0.9990444281880749,0.9938955848034633,0.9670363701790737,0.9222052894734099,0.8631694957651591,0.7935545592521053,0.7167214004677381,0.635685804151399,0.5530744374837586,0.471110654837307,0.39162337173648726,0.31607273755626303,0.245587059751616,0.18100629407258134,0.12292831007767653,0.07175499470184693,0.027736020534810755,-0.008991246745924405,-0.038366705655199985,-0.06037794713657956,-0.07503647622424676,-0.08235986432911387,-0.08235986432911387,-0.07503647622424676,-0.06037794713657956,-0.038366705655199985,-0.008991246745923517,0.027736020534811643,0.07175499470184693,0.12292831007767653,0.18100629407258134,0.245587059751616,0.31607273755626303,0.3916233717364881,0.4711106548373078,0.5530744374837586,0.635685804151399,0.7167214004677381,0.7935545592521053,0.8631694957651591,0.9222052894734099,0.9670363701790737,0.9938955848034633,0.999044428188075,0.9789924751780565,0.9307642881351685,0.8522070086050499,0.7423255169682159,0.601624685790554,0.4324303259319503,0.2391526776930442,0.028449787398969018,-0.1907558209248343,-0.40745355216402646,-0.608954589452112,-0.7815622534781801,-0.9115083152307735,-0.9861305542694573,-0.9952292240778013,-0.9324976560105233,-0.7968795760394273,-0.593669317304187,-0.33514907528581717,-0.04055856816635268,0.2647746733575796,0.5512455739365488,0.7877136021312688,0.945023747926506,0.999988501165108,0.939349913589125,0.7631106360943332,0.4865613929671756],[0.6927289444946798,0.9023664752524568,0.9956832707427671,0.9683355809664942,0.8308039398967035,0.6051641830238745,0.32095698853240445,0.010853414860664445,-0.2933090718119438,-0.5637178035939964,-0.7787856636430104,-0.9243120509489373,-0.9936884079907468,-0.9873231922561699,-0.9115083152307735,-0.7769584526840015,-0.5972352144147623,-0.3872300442203066,-0.16183244282234774,0.06513842040544962,0.28170465009629636,0.4782050017247664,0.6475028515883834,0.7849715086530299,0.8883095609697431,0.95723991166323,0.9931420421354802,0.9986596972634717,0.9773172385121631,0.9331686423521387,0.8704944575832817,0.7935545592521053,0.7063985412834041,0.6127311411185172,0.5158270943962314,0.41848808382389235,0.3230337327224553,0.23131864822269732,0.14476810495236336,0.06442587162703677,-0.008991246745923517,-0.07503647622424589,-0.13347703159409954,-0.18424131553995132,-0.22737092687357285,-0.26297841870211675,-0.29121127457405654,-0.31222223912038344,-0.32614593146360055,-0.3330815639446286,-0.3330815639446286,-0.32614593146360055,-0.31222223912038344,-0.29121127457405654,-0.2629784187021159,-0.22737092687357197,-0.18424131553995132,-0.13347703159409954,-0.07503647622424589,-0.008991246745923517,0.06442587162703677,0.14476810495236425,0.23131864822269732,0.3230337327224553,0.41848808382389235,0.5158270943962314,0.6127311411185172,0.7063985412834041,0.7935545592521053,0.8704944575832817,0.9331686423521384,0.9773172385121631,0.9986596972634716,0.99314204213548,0.9572399116632296,0.8883095609697428,0.7849715086530288,0.6475028515883821,0.4782050017247664,0.28170465009629553,0.06513842040544784,-0.16183244282234774,-0.3872300442203066,-0.5972352144147623,-0.7769584526840015,-0.9115083152307735,-0.9873231922561699,-0.9936884079907468,-0.9243120509489353,-0.7787856636430093,-0.5637178035939934,-0.29330907181194216,0.01085341486066622,0.3209569885324062,0.6051641830238774,0.8308039398967035,0.9683355809664942,0.9956832707427671,0.9023664752524568,0.6927289444946798],[0.8494998337555697,0.9808930211000174,0.9877288340255468,0.8765779443211202,0.667450791776258,0.3896040697159422,0.07689335499274744,-0.2366503374184902,-0.5205173566275482,-0.7503890768850963,-0.9096738405914105,-0.9899636557298346,-0.9905811703516049,-0.917452423305712,-0.7815622534781801,-0.5972352144147623,-0.38044659397998604,-0.14731679061604444,0.08711258486521391,0.30977368891697354,0.5101340852668522,0.6804526508457563,0.8157782132851947,0.9137500372296062,0.9742615168592972,0.9990444281880749,0.9912230235613733,0.9548770537033076,0.8946420486157901,0.8153650246765884,0.7218249506611705,0.618520185858736,0.5095198056307991,0.39837216048895463,0.28806195455372874,0.1810062940725822,0.07908024542849373,-0.016336830278299765,-0.10430178108166455,-0.18424131553995046,-0.25588377055880246,-0.31919269810886836,-0.3743048492681493,-0.42147418904567674,-0.4610228219579436,-0.49329914165246225,-0.5186431222939932,-0.5373584230429391,-0.5496908552434052,-0.5558127401984105,-0.5558127401984105,-0.5496908552434052,-0.5373584230429391,-0.5186431222939932,-0.49329914165246147,-0.4610228219579428,-0.42147418904567674,-0.3743048492681493,-0.31919269810886836,-0.25588377055880246,-0.18424131553995046,-0.10430178108166366,-0.016336830278298877,0.07908024542849373,0.1810062940725822,0.28806195455372874,0.39837216048895463,0.5095198056307991,0.618520185858736,0.7218249506611705,0.8153650246765884,0.8946420486157897,0.9548770537033073,0.9912230235613734,0.9990444281880748,0.9742615168592967,0.9137500372296059,0.8157782132851942,0.680452650845755,0.5101340852668514,0.30977368891697354,0.08711258486521391,-0.14731679061604444,-0.38044659397998604,-0.5972352144147623,-0.7815622534781801,-0.917452423305712,-0.9905811703516049,-0.9899636557298338,-0.9096738405914091,-0.7503890768850939,-0.5205173566275452,-0.2366503374184902,0.07689335499274744,0.38960406971594547,0.667450791776258,0.8765779443211202,0.9877288340255468,0.9808930211000174,0.8494998337555697],[0.951310739337506,0.9989131242920491,0.9213548158287483,0.7354161568292568,0.4691746301812847,0.1571236146512086,-0.16470104751676581,-0.46296826099706306,-0.7102695034333906,-0.8871234569134853,-0.9827751034613356,-0.9949413375917879,-0.9287452694837746,-0.7951196055397494,-0.608954589452112,-0.3872300442203066,-0.14731679061604444,0.09442843089975314,0.3237094170447409,0.5289639294486792,0.7016887162416354,0.8364670781218635,0.9307642881351689,0.9845604265452683,0.9998867598767723,0.9803232041391496,0.9305029805294652,0.855658208368919,0.7612283113769474,0.6525426833262353,0.5345805831677652,0.4118048789893962,0.28806195455372785,0.16653758902772023,0.049757590721778294,-0.060377947136577785,-0.1625370377978927,-0.25588377055880335,-0.33999922126186105,-0.4148010551657205,-0.480466050854395,-0.5373584230429391,-0.5859656875364322,-0.6268429077535129,-0.6605654827732201,-0.6876901621010637,-0.7087236752951475,-0.7240982155182811,-0.7341529856356164,-0.7391210765898281,-0.7391210765898281,-0.7341529856356164,-0.7240982155182811,-0.7087236752951471,-0.6876901621010637,-0.6605654827732198,-0.6268429077535129,-0.5859656875364322,-0.5373584230429391,-0.480466050854395,-0.4148010551657197,-0.3399992212618602,-0.25588377055880246,-0.1625370377978927,-0.060377947136577785,0.049757590721778294,0.16653758902772023,0.28806195455372785,0.4118048789893962,0.5345805831677652,0.6525426833262347,0.7612283113769468,0.8556582083689186,0.9305029805294658,0.9803232041391501,0.9998867598767724,0.984560426545268,0.9307642881351685,0.8364670781218629,0.7016887162416354,0.5289639294486784,0.3237094170447409,0.09442843089975314,-0.14731679061604444,-0.3872300442203066,-0.608954589452112,-0.7951196055397494,-0.9287452694837746,-