<div>                            <div id="bab0dbf8-21eb-4d2a-805a-a1cc4d200c19" class="plotly-graph-div" style="height:100%; width:100%;"></div>            <script type="text/javascript">                require(["plotly"], function(Plotly) {                    window.PLOTLYENV=window.PLOTLYENV || {};                                    if (document.getElementById("bab0dbf8-21eb-4d2a-805a-a1cc4d200c19")) {                    Plotly.newPlot(                        "bab0dbf8-21eb-4d2a-805a-a1cc4d200c19",                        [{"colorbar":{"len":0.75,"title":{"side":"right","text":"x*y"},"x":1.0,"y":0,"yanchor":"bottom"},"colorscale":[[0.0,"rgb(36, 86, 104)"],[0.16666666666666666,"rgb(15, 114, 121)"],[0.3333333333333333,"rgb(13, 143, 129)"],[0.5,"rgb(57, 171, 126)"],[0.6666666666666666,"rgb(110, 197, 116)"],[0.8333333333333334,"rgb(169, 220, 103)"],[1.0,"rgb(237, 239, 93)"]],"contours":{"showlabels":false},"type":"contour","x":[-5.0,-4.898989898989899,-4.797979797979798,-4.696969696969697,-4.595959595959596,-4.494949494949495,-4.393939393939394,-4.292929292929293,-4.191919191919192,-4.090909090909091,-3.9898989898989896,-3.888888888888889,-3.787878787878788,-3.686868686868687,-3.5858585858585856,-3.484848484848485,-3.383838383838384,-3.282828282828283,-3.1818181818181817,-3.080808080808081,-2.9797979797979797,-2.878787878787879,-2.7777777777777777,-2.676767676767677,-2.5757575757575757,-2.474747474747475,-2.3737373737373737,-2.272727272727273,-2.1717171717171717,-2.070707070707071,-1.9696969696969697,-1.868686868686869,-1.7676767676767677,-1.6666666666666665,-1.5656565656565657,-1.4646464646464645,-1.3636363636363638,-1.2626262626262625,-1.1616161616161618,-1.0606060606060606,-0.9595959595959593,-0.858585858585859,-0.7575757575757578,-0.6565656565656566,-0.5555555555555554,-0.45454545454545503,-0.3535353535353538,-0.2525252525252526,-0.15151515151515138,-0.050505050505050164,0.050505050505050164,0.15151515151515138,0.2525252525252526,0.3535353535353538,0.45454545454545414,0.5555555555555554,0.6565656565656566,0.7575757575757578,0.8585858585858581,0.9595959595959593,1.0606060606060606,1.1616161616161618,1.262626262626262,1.3636363636363633,1.4646464646464645,1.5656565656565657,1.666666666666667,1.7676767676767673,1.8686868686868685,1.9696969696969697,2.070707070707071,2.1717171717171713,2.2727272727272725,2.3737373737373737,2.474747474747475,2.5757575757575752,2.6767676767676765,2.7777777777777777,2.878787878787879,2.9797979797979792,3.0808080808080813,3.1818181818181817,3.282828282828282,3.383838383838384,3.4848484848484844,3.5858585858585865,3.686868686868687,3.787878787878787,3.8888888888888893,3.9898989898989896,4.09090909090909,4.191919191919192,4.292929292929292,4.3939393939393945,4.494949494949495,4.595959595959595,4.696969696969697,4.797979797979798,4.8989898989899,5.0],"y":[-5.0,-4.898989898989899,-4.797979797979798,-4.696969696969697,-4.595959595959596,-4.494949494949495,-4.393939393939394,-4.292929292929293,-4.191919191919192,-4.090909090909091,-3.9898989898989896,-3.888888888888889,-3.787878787878788,-3.686868686868687,-3.5858585858585856,-3.484848484848485,-3.383838383838384,-3.282828282828283,-3.1818181818181817,-3.080808080808081,-2.9797979797979797,-2.878787878787879,-2.7777777777777777,-2.676767676767677,-2.5757575757575757,-2.474747474747475,-2.3737373737373737,-2.272727272727273,-2.1717171717171717,-2.070707070707071,-1.9696969696969697,-1.868686868686869,-1.7676767676767677,-1.6666666666666665,-1.5656565656565657,-1.4646464646464645,-1.3636363636363638,-1.2626262626262625,-1.1616161616161618,-1.0606060606060606,-0.9595959595959593,-0.858585858585859,-0.7575757575757578,-0.6565656565656566,-0.5555555555555554,-0.45454545454545503,-0.3535353535353538,-0.2525252525252526,-0.15151515151515138,-0.050505050505050164,0.050505050505050164,0.15151515151515138,0.2525252525252526,0.3535353535353538,0.45454545454545414,0.5555555555555554,0.6565656565656566,0.7575757575757578,0.8585858585858581,0.9595959595959593,1.0606060606060606,1.1616161616161618,1.262626262626262,1.3636363636363633,1.4646464646464645,1.5656565656565657,1.666666666666667,1.7676767676767673,1.8686868686868685,1.9696969696969697,2.070707070707071,2.1717171717171713,2.2727272727272725,2.3737373737373737,2.474747474747475,2.5757575757575752,2.6767676767676765,2.7777777777777777,2.878787878787879,2.9797979797979792,3.0808080808080813,3.1818181818181817,3.282828282828282,3.383838383838384,3.4848484848484844,3.5858585858585865,3.686868686868687,3.787878787878787,3.8888888888888893,3.9898989898989896,4.09090909090909,4.191919191919192,4.292929292929292,4.3939393939393945,4.494949494949495,4.595959595959595,4.696969696969697,4.797979797979798,4.8989898989899,5.0],"z":[[25.0,24.494949494949495,23.98989898989899,23.484848484848484,22.97979797979798,22.474747474747474,21.96969696969697,21.464646464646467,20.95959595959596,20.454545454545453,19.949494949494948,19.444444444444443,18.93939393939394,18.434343434343432,17.929292929292927,17.424242424242426,16.91919191919192,16.414141414141415,15.909090909090908,15.404040404040405,14.898989898989898,14.393939393939394,13.88888888888889,13.383838383838384,12.878787878787879,12.373737373737374,11.868686868686869,11.363636363636365,10.858585858585858,10.353535353535355,9.848484848484848,9.343434343434344,8.83838383838384,8.333333333333332,7.828282828282829,7.323232323232323,6.818181818181818,6.313131313131313,5.808080808080809,5.303030303030303,4.797979797979797,4.292929292929295,3.787878787878789,3.282828282828283,2.777777777777777,2.272727272727275,1.767676767676769,1.262626262626263,0.7575757575757569,0.2525252525252508,-0.2525252525252508,-0.7575757575757569,-1.262626262626263,-1.767676767676769,-2.2727272727272707,-2.777777777777777,-3.282828282828283,-3.787878787878789,-4.292929292929291,-4.797979797979797,-5.303030303030303,-5.808080808080809,-6.3131313131313105,-6.818181818181817,-7.323232323232323,-7.828282828282829,-8.333333333333336,-8.838383838383837,-9.343434343434343,-9.848484848484848,-10.353535353535355,-10.858585858585856,-11.363636363636363,-11.868686868686869,-12.373737373737374,-12.878787878787875,-13.383838383838382,-13.88888888888889,-14.393939393939394,-14.898989898989896,-15.404040404040407,-15.909090909090908,-16.41414141414141,-16.91919191919192,-17.424242424242422,-17.929292929292934,-18.434343434343432,-18.939393939393938,-19.444444444444446,-19.949494949494948,-20.45454545454545,-20.95959595959596,-21.464646464646464,-21.969696969696972,-22.474747474747474,-22.979797979797976,-23.484848484848484,-23.98989898989899,-24.4949494949495,-25.0],[24.494949494949495,24.00010203040506,23.505254565860625,23.010407101316193,22.51555963677176,22.020712172227324,21.52586470768289,21.031017243138457,20.536169778594022,20.041322314049587,19.54647484950515,19.051627384960717,18.556779920416282,18.061932455871847,17.567084991327413,17.07223752678298,16.577390062238546,16.08254259769411,15.587695133149678,15.092847668605245,14.598000204060808,14.103152739516375,13.60830527497194,13.113457810427507,12.618610345883072,12.123762881338639,11.628915416794204,11.13406795224977,10.639220487705336,10.144373023160902,9.649525558616467,9.154678094072034,8.6598306295276,8.164983164983164,7.670135700438731,7.175288235894295,6.680440771349862,6.185593306805427,5.690745842260994,5.195898377716559,4.701050913172124,4.206203448627693,3.7113559840832577,3.2165085195388223,2.7216610549943874,2.2268135904499564,1.7319661259055212,1.2371186613610858,0.7422711968166507,0.24742373227221545,-0.24742373227221545,-0.7422711968166507,-1.2371186613610858,-1.7319661259055212,-2.226813590449952,-2.7216610549943874,-3.2165085195388223,-3.7113559840832577,-4.206203448627688,-4.701050913172124,-5.195898377716559,-5.690745842260994,-6.185593306805425,-6.68044077134986,-7.175288235894295,-7.670135700438731,-8.164983164983166,-8.659830629527598,-9.154678094072032,-9.649525558616467,-10.144373023160902,-10.639220487705334,-11.134067952249769,-11.628915416794204,-12.123762881338639,-12.61861034588307,-13.113457810427505,-13.60830527497194,-14.103152739516375,-14.598000204060806,-15.092847668605247,-15.587695133149678,-16.082542597694108,-16.577390062238546,-17.072237526782978,-17.56708499132742,-18.061932455871847,-18.55677992041628,-19.05162738496072,-19.54647484950515,-20.04132231404958,-20.536169778594022,-21.03101724313845,-21.525864707682892,-22.020712172227324,-22.51555963677175,-23.010407101316193,-23.505254565860625,-24.000102030405063,-24.494949494949495],[23.98989898989899,23.505254565860625,23.02061014182226,22.5359657177839,22.051321293745534,21.56667686970717,21.082032445668805,20.597388021630447,20.112743597592083,19.628099173553718,19.143454749515353,18.658810325476992,18.174165901438627,17.689521477400262,17.204877053361898,16.720232629323537,16.235588205285175,15.75094378124681,15.266299357208446,14.781654933170083,14.29701050913172,13.812366085093357,13.327721661054992,12.843077237016631,12.358432812978267,11.873788388939904,11.389143964901539,10.904499540863178,10.419855116824813,9.93521069278645,9.450566268748085,8.965921844709724,8.48127742067136,7.996632996632996,7.511988572594633,7.027344148556269,6.542699724517906,6.058055300479542,5.57341087644118,5.088766452402815,4.604122028364451,4.119477604326091,3.6348331802877265,3.1501887562493622,2.6655443322109975,2.1808999081726377,1.6962554841342732,1.211611060095909,0.7269666360575444,0.24232221201918006,-0.24232221201918006,-0.7269666360575444,-1.211611060095909,-1.6962554841342732,-2.1808999081726332,-2.6655443322109975,-3.1501887562493622,-3.6348331802877265,-4.119477604326087,-4.604122028364451,-5.088766452402815,-5.57341087644118,-6.058055300479539,-6.542699724517904,-7.027344148556269,-7.511988572594633,-7.996632996632997,-8.481277420671358,-8.965921844709722,-9.450566268748085,-9.93521069278645,-10.419855116824811,-10.904499540863176,-11.389143964901539,-11.873788388939904,-12.358432812978265,-12.843077237016628,-13.327721661054992,-13.812366085093357,-14.297010509131717,-14.781654933170087,-15.266299357208446,-15.750943781246805,-16.235588205285175,-16.720232629323537,-17.204877053361905,-17.689521477400262,-18.174165901438624,-18.658810325476992,-19.143454749515353,-19.628099173553714,-20.112743597592083,-20.59738802163044,-21.08203244566881,-21.56667686970717,-22.05132129374553,-22.5359657177839,-23.02061014182226,-23.50525456586063,-23.98989898989899],[23.484848484848484,23.010407101316193,22.5359657177839,22.061524334251608,21.587082950719317,21.112641567187023,20.638200183654728,20.16375880012244,19.689317416590146,19.214876033057852,18.740434649525557,18.265993265993266,17.791551882460976,17.31711049892868,16.842669115396387,16.368227731864096,15.893786348331805,15.419344964799512,14.944903581267218,14.470462197734927,13.996020814202632,13.521579430670341,13.047138047138047,12.572696663605756,12.098255280073463,11.62381389654117,11.149372513008878,10.674931129476585,10.200489745944292,9.726048362412,9.251606978879707,8.777165595347416,8.302724211815121,7.828282828282828,7.353841444750537,6.879400061218243,6.4049586776859515,5.930517294153658,5.456075910621366,4.9816345270890725,4.507193143556779,4.03275176002449,3.5583103764921957,3.083868992959902,2.6094276094276085,2.1349862258953194,1.6605448423630256,1.186103458830732,0.7116620752984384,0.23722069176614471,-0.23722069176614471,-0.7116620752984384,-1.186103458830732,-1.6605448423630256,-2.134986225895315,-2.6094276094276085,-3.083868992959902,-3.5583103764921957,-4.032751760024485,-4.507193143556779,-4.9816345270890725,-5.456075910621366,-5.930517294153655,-6.404958677685949,-6.879400061218243,-7.353841444750537,-7.8282828282828305,-8.30272421181512,-8.777165595347412,-9.251606978879707,-9.726048362412,-10.20048974594429,-10.674931129476583,-11.149372513008878,-11.62381389654117,-12.09825528007346,-12.572696663605754,-13.047138047138047,-13.521579430670341,-13.99602081420263,-14.470462197734928,-14.944903581267218,-15.419344964799507,-15.893786348331805,-16.368227731864096,-16.842669115396394,-17.31711049892868,-17.791551882460972,-18.26599326599327,-18.740434649525557,-19.21487603305785,-19.689317416590146,-20.163758800122434,-20.63820018365473,-21.112641567187023,-21.58708295071931,-22.061524334251608,-22.5359657177839,-23.010407101316197,-23.484848484848484],[22.97979797979798,22.51555963677176,22.051321293745534,21.587082950719317,21.122844607693093,20.65860626466687,20.194367921640648,19.730129578614427,19.265891235588207,18.801652892561982,18.33741454953576,17.87317620650954,17.40893786348332,16.944699520457096,16.480461177430875,16.01622283440465,15.551984491378432,15.08774614835221,14.623507805325987,14.159269462299767,13.695031119273542,13.230792776247322,12.7665544332211,12.302316090194878,11.838077747168656,11.373839404142435,10.909601061116213,10.445362718089992,9.98112437506377,9.516886032037549,9.052647689011325,8.588409345985104,8.124171002958882,7.659932659932659,7.1956943169064385,6.731455973880216,6.267217630853995,5.802979287827772,5.338740944801551,4.874502601775329,4.410264258749106,3.9460259157228874,3.4817875726966645,3.017549229670442,2.553310886644219,2.089072543618,1.6248342005917777,1.1605958575655548,0.6963575145393321,0.23211917151310935,-0.23211917151310935,-0.6963575145393321,-1.1605958575655548,-1.6248342005917777,-2.089072543617996,-2.553310886644219,-3.017549229670442,-3.4817875726966645,-3.9460259157228834,-4.410264258749106,-4.874502601775329,-5.338740944801551,-5.80297928782777,-6.2672176308539935,-6.731455973880216,-7.1956943169064385,-7.659932659932662,-8.12417100295888,-8.588409345985102,-9.052647689011325,-9.516886032037549,-9.981124375063768,-10.44536271808999,-10.909601061116213,-11.373839404142435,-11.838077747168654,-12.302316090194877,-12.7665544332211,-13.230792776247322,-13.69503111927354,-14.159269462299768,-14.623507805325987,-15.087746148352204,-15.551984491378432,-16.01622283440465,-16.48046117743088,-16.944699520457096,-17.408937863483317,-17.87317620650954,-18.33741454953576,-18.80165289256198,-19.265891235588207,-19.730129578614424,-20.19436792164065,-20.65860626466687,-21.12284460769309,-21.587082950719317,-22.051321293745534,-22.515559636771762,-22.97979797979798],[22.474747474747474,22.020712172227324,21.56667686970717,21.112641567187023,20.65860626466687,20.204570962146718,19.750535659626568,19.296500357106417,18.842465054586267,18.388429752066116,17.934394449545962,17.480359147025812,17.02632384450566,16.57228854198551,16.11825323946536,15.664217936945208,15.21018263442506,14.756147331904907,14.302112029384755,13.848076726864605,13.394041424344454,12.940006121824304,12.485970819304152,12.031935516784001,11.57790021426385,11.1238649117437,10.669829609223548,10.215794306703398,9.761759004183247,9.307723701663097,8.853688399142944,8.399653096622794,7.945617794102643,7.4915824915824905,7.037547189062341,6.583511886542189,6.129476584022039,5.675441281501887,5.221405978981737,4.767370676461585,4.313335373941433,3.8593000714212855,3.4052647689011333,2.9512294663809815,2.4971941638608297,2.0431588613406815,1.5891235588205297,1.135088256300378,0.6810529537802259,0.22701765126007395,-0.22701765126007395,-0.6810529537802259,-1.135088256300378,-1.5891235588205297,-2.0431588613406775,-2.4971941638608297,-2.9512294663809815,-3.4052647689011333,-3.8593000714212815,-4.313335373941433,-4.767370676461585,-5.221405978981737,-5.675441281501885,-6.129476584022037,-6.583511886542189,-7.037547189062341,-7.491582491582492,-7.945617794102641,-8.399653096622792,-8.853688399142944,-9.307723701663097,-9.761759004183244,-10.215794306703396,-10.669829609223548,-11.1238649117437,-11.577900214263847,-12.031935516784,-12.485970819304152,-12.940006121824304,-13.39404142434445,-13.848076726864608,-14.302112029384755,-14.756147331904904,-15.21018263442506,-15.664217936945207,-16.118253239465364,-16.57228854198551,-17.026323844505658,-17.480359147025816,-17.934394449545962,-18.38842975206611,-18.842465054586267,-19.296500357106414,-19.75053565962657,-20.204570962146718,-20.658606264666865,-21.112641567187023,-21.56667686970717,-22.020712172227327,-22.474747474747474],[21.96969696969697,21.52586470768289,21.082032445668805,20.638200183654728,20.194367921640648,19.750535659626568,19.306703397612484,18.862871135598407,18.419038873584327,17.975206611570247,17.531374349556167,17.087542087542086,16.643709825528006,16.199877563513926,15.756045301499844,15.312213039485766,14.868380777471687,14.424548515457605,13.980716253443525,13.536883991429445,13.093051729415365,12.649219467401284,12.205387205387204,11.761554943373126,11.317722681359044,10.873890419344965,10.430058157330883,9.986225895316805,9.542393633302723,9.098561371288644,8.654729109274562,8.210896847260484,7.767064585246403,7.323232323232322,6.879400061218243,6.435567799204162,5.991735537190083,5.547903275176002,5.1040710131619225,4.660238751147841,4.21640648913376,3.772574227119683,3.328741965105602,2.884909703091521,2.44107744107744,1.9972451790633627,1.5534129170492819,1.1095806550352008,0.6657483930211197,0.22191613100703858,-0.22191613100703858,-0.6657483930211197,-1.1095806550352008,-1.5534129170492819,-1.997245179063359,-2.44107744107744,-2.884909703091521,-3.328741965105602,-3.772574227119679,-4.21640648913376,-4.660238751147841,-5.1040710131619225,-5.547903275176,-5.991735537190081,-6.435567799204162,-6.879400061218243,-7.3232323232323235,-7.767064585246401,-8.210896847260482,-8.654729109274562,-9.098561371288644,-9.542393633302721,-9.986225895316803,-10.430058157330883,-10.873890419344965,-11.317722681359042,-11.761554943373122,-12.205387205387204,-12.649219467401284,-13.093051729415363,-13.536883991429447,-13.980716253443525,-14.424548515457602,-14.868380777471687,-15.312213039485764,-15.75604530149985,-16.199877563513926,-16.643709825528003,-17.087542087542086,-17.531374349556167,-17.975206611570243,-18.419038873584327,-18.862871135598404,-19.30670339761249,-19.750535659626568,-20.194367921640644,-20.638200183654728,-21.082032445668805,-21.525864707682892,-21.96969696969697],[21.464646464646467,21.031017243138457,20.597388021630447,20.16375880012244,19.730129578614427,19.296500357106417,18.862871135598407,18.4292419140904,17.99561269258239,17.56198347107438,17.12835424956637,16.69472502805836,16.261095806550355,15.827466585042345,15.393837363534333,14.960208142026325,14.526578920518316,14.092949699010306,13.659320477502296,13.225691255994288,12.792062034486277,12.358432812978268,11.924803591470258,11.49117436996225,11.05754514845424,10.623915926946232,10.190286705438222,9.756657483930212,9.323028262422202,8.889399040914194,8.455769819406184,8.022140597898176,7.588511376390165,7.154882154882155,6.721252933374147,6.287623711866136,5.853994490358128,5.420365268850118,4.986736047342109,4.5531068258340985,4.119477604326089,3.6858483828180817,3.2522191613100717,2.8185899398020613,2.384960718294051,1.9513314967860445,1.5177022752780343,1.0840730537700238,0.6504438322620135,0.21681461075400324,-0.21681461075400324,-0.6504438322620135,-1.0840730537700238,-1.5177022752780343,-1.9513314967860407,-2.384960718294051,-2.8185899398020613,-3.2522191613100717,-3.685848382818078,-4.119477604326089,-4.5531068258340985,-4.986736047342109,-5.420365268850116,-5.853994490358126,-6.287623711866136,-6.721252933374147,-7.154882154882157,-7.588511376390163,-8.022140597898174,-8.455769819406184,-8.889399040914194,-9.3230282624222,-9.75665748393021,-10.190286705438222,-10.623915926946232,-11.057545148454238,-11.491174369962248,-11.924803591470258,-12.358432812978268,-12.792062034486275,-13.22569125599429,-13.659320477502296,-14.092949699010303,-14.526578920518316,-14.960208142026323,-15.393837363534336,-15.827466585042345,-16.26109580655035,-16.694725028058365,-17.12835424956637,-17.561983471074377,-17.99561269258239,-18.429241914090397,-18.86287113559841,-19.296500357106417,-19.730129578614424,-20.16375880012244,-20.597388021630447,-21.03101724313846,-21.464646464646467],[20.95959595959596,20.536169778594022,20.112743597592083,19.689317416590146,19.265891235588207,18.842465054586267,18.419038873584327,17.99561269258239,17.57218651158045,17.14876033057851,16.72533414957657,16.301907968574636,15.878481787572698,15.455055606570758,15.03162942556882,14.608203244566882,14.184777063564944,13.761350882563004,13.337924701561064,12.914498520559127,12.491072339557189,12.06764615855525,11.64421997755331,11.220793796551373,10.797367615549433,10.373941434547497,9.950515253545557,9.52708907254362,9.10366289154168,8.680236710539742,8.256810529537802,7.833384348535865,7.409958167533926,6.986531986531986,6.563105805530048,6.139679624528109,5.716253443526171,5.292827262524232,4.869401081522295,4.445974900520355,4.022548719518415,3.59912253851648,3.1756963575145405,2.7522701765126008,2.3288439955106615,1.9054178145087257,1.4819916335067862,1.0585654525048467,0.6351392715029073,0.21171309050096787,-0.21171309050096787,-0.6351392715029073,-1.0585654525048467,-1.4819916335067862,-1.905417814508722,-2.3288439955106615,-2.7522701765126008,-3.1756963575145405,-3.5991225385164762,-4.022548719518415,-4.445974900520355,-4.869401081522295,-5.29282726252423,-5.71625344352617,-6.139679624528109,-6.563105805530048,-6.986531986531988,-7.409958167533924,-7.833384348535863,-8.256810529537802,-8.680236710539742,-9.103662891541678,-9.527089072543617,-9.950515253545557,-10.373941434547497,-10.797367615549431,-11.220793796551371,-11.64421997755331,-12.06764615855525,-12.491072339557187,-12.91449852055913,-13.337924701561064,-13.761350882563,-14.184777063564944,-14.60820324456688,-15.031629425568823,-15.455055606570758,-15.878481787572694,-16.30190796857464,-16.72533414957657,-17.148760330578508,-17.57218651158045,-17.995612692582387,-18.41903887358433,-18.842465054586267,-19.265891235588203,-19.689317416590146,-20.112743597592083,-20.536169778594026,-20.95959595959596],[20.454545454545453,20.041322314049587,19.628099173553718,19.214876033057852,18.801652892561982,18.388429752066116,17.975206611570247,17.56198347107438,17.14876033057851,16.735537190082646,16.322314049586776,15.909090909090908,15.495867768595042,15.082644628099173,14.669421487603305,14.256198347107437,13.842975206611571,13.429752066115702,13.016528925619834,12.603305785123966,12.190082644628099,11.776859504132231,11.363636363636363,10.950413223140496,10.537190082644628,10.12396694214876,9.710743801652892,9.297520661157025,8.884297520661157,8.47107438016529,8.057851239669422,7.644628099173555,7.231404958677686,6.8181818181818175,6.404958677685951,5.991735537190082,5.578512396694215,5.165289256198347,4.75206611570248,4.338842975206611,3.9256198347107425,3.512396694214878,3.0991735537190093,2.6859504132231407,2.272727272727272,1.859504132231407,1.4462809917355384,1.0330578512396698,0.6198347107438011,0.20661157024793247,-0.20661157024793247,-0.6198347107438011,-1.0330578512396698,-1.4462809917355384,-1.8595041322314032,-2.272727272727272,-2.6859504132231407,-3.0991735537190093,-3.512396694214874,-3.9256198347107425,-4.338842975206611,-4.75206611570248,-5.165289256198345,-5.578512396694213,-5.991735537190082,-6.404958677685951,-6.818181818181819,-7.231404958677684,-7.644628099173553,-8.057851239669422,-8.47107438016529,-8.884297520661155,-9.297520661157023,-9.710743801652892,-10.12396694214876,-10.537190082644626,-10.950413223140494,-11.363636363636363,-11.776859504132231,-12.190082644628097,-12.603305785123968,-13.016528925619834,-13.429752066115698,-13.842975206611571,-14.256198347107436,-14.669421487603309,-15.082644628099173,-15.495867768595039,-15.90909090909091,-16.322314049586776,-16.735537190082642,-17.14876033057851,-17.561983471074377,-17.97520661157025,-18.388429752066116,-18.80165289256198,-19.214876033057852,-19.628099173553718,-20.04132231404959,-20.454545454545453],[19.949494949494948,19.54647484950515,19.143454749515353,18.740434649525557,18.33741454953576,17.934394449545962,17.531374349556167,17.12835424956637,16.72533414957657,16.322314049586776,15.919293949596977,15.516273849607181,15.113253749617385,14.710233649627588,14.30721354963779,13.904193449647995,13.501173349658199,13.0981532496684,12.695133149678602,12.292113049688806,11.889092949699009,11.486072849709213,11.083052749719416,10.68003264972962,10.27701254973982,9.873992449750025,9.470972349760228,9.067952249770432,8.664932149780634,8.261912049790839,7.85889194980104,7.455871849811245,7.052851749821446,6.649831649831649,6.246811549841853,5.843791449852055,5.440771349862259,5.0377512498724615,4.634731149882665,4.231711049892867,3.82869094990307,3.4256708499132755,3.022650749923478,2.61963064993368,2.216610549943882,1.813590449954088,1.4105703499642903,1.0075502499744926,0.6045301499846949,0.2015100499948971,-0.2015100499948971,-0.6045301499846949,-1.0075502499744926,-1.4105703499642903,-1.8135904499540845,-2.216610549943882,-2.61963064993368,-3.022650749923478,-3.425670849913272,-3.82869094990307,-4.231711049892867,-4.634731149882665,-5.03775124987246,-5.440771349862257,-5.843791449852055,-6.246811549841853,-6.6498316498316505,-7.0528517498214445,-7.455871849811243,-7.85889194980104,-8.261912049790839,-8.664932149780633,-9.06795224977043,-9.470972349760228,-9.873992449750025,-10.277012549739819,-10.680032649729618,-11.083052749719416,-11.486072849709213,-11.889092949699007,-12.292113049688808,-12.695133149678602,-13.098153249668396,-13.501173349658199,-13.904193449647993,-14.307213549637794,-14.710233649627588,-15.113253749617382,-15.516273849607183,-15.919293949596977,-16.322314049586772,-16.72533414957657,-17.128354249566367,-17.53137434955617,-17.934394449545962,-18.337414549535758,-18.740434649525557,-19.143454749515353,-19.546474849505152,-19.949494949494948],[19.444444444444443,19.051627384960717,18.658810325476992,18.265993265993266,17.87317620650954,17.480359147025812,17.087542087542086,16.69472502805836,16.301907968574636,15.909090909090908,15.516273849607181,15.123456790123456,14.730639730639732,14.337822671156005,13.945005611672277,13.552188552188552,13.159371492704826,12.7665544332211,12.373737373737374,11.980920314253648,11.588103254769921,11.195286195286196,10.802469135802468,10.409652076318743,10.016835016835017,9.624017957351292,9.231200897867565,8.83838383838384,8.445566778900112,8.052749719416386,7.65993265993266,7.267115600448935,6.874298540965208,6.481481481481481,6.0886644219977555,5.695847362514028,5.303030303030304,4.910213243546576,4.517396184062851,4.124579124579125,3.7317620650953973,3.338945005611674,2.946127946127947,2.55331088664422,2.160493827160493,1.7676767676767695,1.3748597081930425,0.9820426487093157,0.5892255892255887,0.19640852974186174,-0.19640852974186174,-0.5892255892255887,-0.9820426487093157,-1.3748597081930425,-1.7676767676767662,-2.160493827160493,-2.55331088664422,-2.946127946127947,-3.3389450056116705,-3.7317620650953973,-4.124579124579125,-4.517396184062851,-4.910213243546575,-5.303030303030302,-5.695847362514028,-6.0886644219977555,-6.481481481481483,-6.874298540965206,-7.267115600448933,-7.65993265993266,-8.052749719416386,-8.44556677890011,-8.838383838383837,-9.231200897867565,-9.624017957351292,-10.016835016835016,-10.409652076318741,-10.802469135802468,-11.195286195286196,-11.58810325476992,-11.98092031425365,-12.373737373737374,-12.766554433221096,-13.159371492704826,-13.55218855218855,-13.945005611672281,-14.337822671156005,-14.730639730639728,-15.123456790123457,-15.516273849607181,-15.909090909090905,-16.301907968574636,-16.694725028058357,-17.08754208754209,-17.480359147025812,-17.873176206509537,-18.265993265993266,-18.658810325476992,-19.05162738496072,-19.444444444444443],[18.93939393939394,18.556779920416282,18.174165901438627,17.791551882460976,17.40893786348332,17.02632384450566,16.643709825528006,16.261095806550355,15.878481787572698,15.495867768595042,15.113253749617385,14.730639730639732,14.348025711662077,13.965411692684421,13.582797673706764,13.20018365472911,12.817569635751456,12.434955616773799,12.052341597796143,11.669727578818488,11.287113559840833,10.904499540863178,10.521885521885523,10.139271502907867,9.756657483930212,9.374043464952557,8.991429445974902,8.608815426997246,8.226201408019591,7.843587389041936,7.46097337006428,7.078359351086625,6.695745332108969,6.313131313131313,5.930517294153659,5.547903275176003,5.1652892561983474,4.782675237220691,4.400061218243037,4.017447199265381,3.6348331802877247,3.252219161310072,2.869605142332416,2.48699112335476,2.104377104377104,1.721763085399451,1.3391490664217949,0.9565350474441386,0.5739210284664825,0.1913070094888264,-0.1913070094888264,-0.5739210284664825,-0.9565350474441386,-1.3391490664217949,-1.7217630853994477,-2.104377104377104,-2.48699112335476,-2.869605142332416,-3.2522191613100686,-3.6348331802877247,-4.017447199265381,-4.400061218243037,-4.78267523722069,-5.165289256198347,-5.547903275176003,-5.930517294153659,-6.313131313131315,-6.6957453321089675,-7.078359351086624,-7.46097337006428,-7.843587389041936,-8.22620140801959,-8.608815426997245,-8.991429445974902,-9.374043464952557,-9.75665748393021,-10.139271502907865,-10.521885521885523,-10.904499540863178,-11.287113559840831,-11.66972757881849,-12.052341597796143,-12.434955616773795,-12.817569635751456,-13.20018365472911,-13.582797673706768,-13.965411692684421,-14.348025711662073,-14.730639730639734,-15.113253749617385,-15.495867768595039,-15.878481787572698,-16.26109580655035,-16.64370982552801,-17.02632384450566,-17.408937863483317,-17.791551882460976,-18.174165901438627,-18.556779920416286,-18.93939393939394],[18.434343434343432,18.061932455871847,17.689521477400262,17.31711049892868,16.944699520457096,16.57228854198551,16.199877563513926,15.827466585042345,15.455055606570758,15.082644628099173,14.710233649627588,14.337822671156005,13.965411692684421,13.593000714212835,13.22058973574125,12.848178757269666,12.475767778798083,12.103356800326498,11.730945821854911,11.358534843383328,10.986123864911743,10.61371288644016,10.241301907968575,9.86889092949699,9.496479951025405,9.124068972553822,8.751657994082237,8.379247015610654,8.006836037139067,7.6344250586674836,7.262014080195899,6.8896031017243144,6.5171921232527295,6.1447811447811445,5.77237016630956,5.399959187837975,5.027548209366391,4.655137230894806,4.282726252423223,3.9103152739516376,3.537904295480052,3.1654933170084703,2.793082338536885,2.4206713600652994,2.0482603815937144,1.6758494031221323,1.3034384246505468,0.9310274461789616,0.5586164677073763,0.186205489235791,-0.186205489235791,-0.5586164677073763,-0.9310274461789616,-1.3034384246505468,-1.675849403122129,-2.0482603815937144,-2.4206713600652994,-2.793082338536885,-3.1654933170084667,-3.537904295480052,-3.9103152739516376,-4.282726252423223,-4.6551372308948045,-5.02754820936639,-5.399959187837975,-5.77237016630956,-6.144781144781146,-6.517192123252728,-6.889603101724314,-7.262014080195899,-7.6344250586674836,-8.006836037139065,-8.379247015610652,-8.751657994082237,-9.124068972553822,-9.496479951025403,-9.868890929496988,-10.241301907968575,-10.61371288644016,-10.986123864911741,-11.35853484338333,-11.730945821854911,-12.103356800326495,-12.475767778798083,-12.848178757269665,-13.220589735741253,-13.593000714212835,-13.965411692684418,-14.337822671156006,-14.710233649627588,-15.08264462809917,-15.455055606570758,-15.827466585042341,-16.19987756351393,-16.57228854198551,-16.944699520457092,-17.31711049892868,-17.689521477400262,-18.06193245587185,-18.434343434343432],[17.929292929292927,17.567084991327413,17.204877053361898,16.842669115396387,16.480461177430875,16.11825323946536,15.756045301499844,15.393837363534333,15.03162942556882,14.669421487603305,14.30721354963779,13.945005611672277,13.582797673706764,13.22058973574125,12.858381797775735,12.496173859810222,12.13396592184471,11.771757983879196,11.409550045913681,11.047342107948168,10.685134169982653,10.32292623201714,9.960718294051626,9.598510356086113,9.2363024181206,8.874094480155087,8.511886542189572,8.149678604224059,7.787470666258544,7.425262728293032,7.063054790327517,6.700846852362004,6.33863891439649,5.976430976430976,5.614223038465463,5.252015100499948,4.889807162534435,4.527599224568921,4.165391286603408,3.803183348637894,3.440975410672379,3.078767472706868,2.7165595347413536,2.3543515967758393,1.9921436588103247,1.6299357208448133,1.267727782879299,0.9055198449137845,0.54331190694827,0.18110396898275563,-0.18110396898275563,-0.54331190694827,-0.9055198449137845,-1.267727782879299,-1.6299357208448102,-1.9921436588103247,-2.3543515967758393,-2.7165595347413536,-3.078767472706865,-3.440975410672379,-3.803183348637894,-4.165391286603408,-4.527599224568919,-4.889807162534434,-5.252015100499948,-5.614223038465463,-5.9764309764309775,-6.338638914396489,-6.700846852362003,-7.063054790327517,-7.425262728293032,-7.787470666258543,-8.149678604224057,-8.511886542189572,-8.874094480155087,-9.236302418120598,-9.598510356086113,-9.960718294051626,-10.32292623201714,-10.685134169982652,-11.04734210794817,-11.409550045913681,-11.771757983879192,-12.13396592184471,-12.496173859810222,-12.858381797775738,-13.22058973574125,-13.58279767370676,-13.94500561167228,-14.30721354963779,-14.669421487603302,-15.03162942556882,-15.393837363534331,-15.756045301499848,-16.11825323946536,-16.480461177430872,-16.842669115396387,-17.204877053361898,-17.567084991327416,-17.929292929292927],[17.424242424242426,17.07223752678298,16.720232629323537,16.368227731864096,16.01622283440465,15.664217936945208,15.312213039485766,14.960208142026325,14.608203244566882,14.256198347107437,13.904193449647995,13.552188552188552,13.20018365472911,12.848178757269666,12.496173859810222,12.144168962350781,11.792164064891338,11.440159167431895,11.088154269972451,10.73614937251301,10.384144475053565,10.032139577594123,9.68013468013468,9.328129782675237,8.976124885215794,8.624119987756352,8.272115090296909,7.920110192837466,7.568105295378023,7.216100397918581,6.864095500459137,6.512090602999695,6.160085705540252,5.808080808080808,5.456075910621365,5.104071013161922,4.75206611570248,4.400061218243036,4.048056320783594,3.6960514233241506,3.344046525864707,2.9920416284052664,2.640036730945823,2.288031833486379,1.9360269360269353,1.5840220385674948,1.2320171411080512,0.8800122436486075,0.5280073461891639,0.17600244872972026,-0.17600244872972026,-0.5280073461891639,-0.8800122436486075,-1.2320171411080512,-1.5840220385674917,-1.9360269360269353,-2.288031833486379,-2.640036730945823,-2.9920416284052633,-3.344046525864707,-3.6960514233241506,-4.048056320783594,-4.400061218243034,-4.752066115702478,-5.104071013161922,-5.456075910621365,-5.808080808080809,-6.16008570554025,-6.5120906029996934,-6.864095500459137,-7.216100397918581,-7.568105295378021,-7.920110192837464,-8.272115090296909,-8.624119987756352,-8.976124885215793,-9.328129782675235,-9.68013468013468,-10.032139577594123,-10.384144475053564,-10.73614937251301,-11.088154269972451,-11.440159167431892,-11.792164064891338,-12.14416896235078,-12.496173859810225,-12.848178757269666,-13.200183654729107,-13.552188552188554,-13.904193449647995,-14.256198347107434,-14.608203244566882,-14.960208142026321,-15.31221303948577,-15.664217936945208,-16.01622283440465,-16.368227731864096,-16.720232629323537,-17.072237526782985,-17.424242424242426],[16.91919191919192,16.577390062238546,16.235588205285175,15.893786348331805,15.551984491378432,15.21018263442506,14.868380777471687,14.526578920518316,14.184777063564944,13.842975206611571,13.501173349658199,13.159371492704826,12.817569635751456,12.475767778798083,12.13396592184471,11.792164064891338,11.450362207937967,11.108560350984595,10.766758494031222,10.42495663707785,10.083154780124477,9.741352923171107,9.399551066217732,9.057749209264362,8.71594735231099,8.374145495357618,8.032343638404244,7.690541781450873,7.348739924497501,7.006938067544129,6.665136210590757,6.323334353637385,5.981532496684013,5.639730639730639,5.2979287827772685,4.956126925823895,4.614325068870524,4.272523211917151,3.93072135496378,3.5889194980104073,3.2471176410570344,2.9053157841036645,2.5635139271502916,2.221712070196919,1.8799102132435461,1.5381083562901763,1.1963064993368033,0.8545046423834306,0.5127027854300578,0.17090092847668492,-0.17090092847668492,-0.5127027854300578,-0.8545046423834306,-1.1963064993368033,-1.5381083562901732,-1.8799102132435461,-2.221712070196919,-2.5635139271502916,-2.9053157841036614,-3.2471176410570344,-3.5889194980104073,-3.93072135496378,-4.27252321191715,-4.614325068870523,-4.956126925823895,-5.2979287827772685,-5.639730639730641,-5.981532496684011,-6.323334353637383,-6.665136210590757,-7.006938067544129,-7.348739924497499,-7.6905417814508725,-8.032343638404244,-8.374145495357618,-8.715947352310987,-9.05774920926436,-9.399551066217732,-9.741352923171107,-10.083154780124476,-10.424956637077852,-10.766758494031222,-11.108560350984591,-11.450362207937967,-11.792164064891336,-12.133965921844712,-12.475767778798083,-12.817569635751452,-13.159371492704828,-13.501173349658199,-13.842975206611568,-14.184777063564944,-14.526578920518313,-14.868380777471689,-15.21018263442506,-15.551984491378429,-15.893786348331805,-16.235588205285175,-16.57739006223855,-16.91919191919192],[16.414141414141415,16.08254259769411,15.75094378124681,15.419344964799512,15.08774614835221,14.756147331904907,14.424548515457605,14.092949699010306,13.761350882563004,13.429752066115702,13.0981532496684,12.7665544332211,12.434955616773799,12.103356800326498,11.771757983879196,11.440159167431895,11.108560350984595,10.776961534537293,10.44536271808999,10.11376390164269,9.782165085195388,9.450566268748087,9.118967452300785,8.787368635853484,8.455769819406182,8.124171002958882,7.79257218651158,7.46097337006428,7.129374553616978,6.797775737169677,6.466176920722376,6.134578104275075,5.802979287827773,5.471380471380471,5.13978165493317,4.808182838485869,4.476584022038568,4.144985205591266,3.8133863891439654,3.4817875726966636,3.1501887562493613,2.8185899398020626,2.4869911233547604,2.1553923069074585,1.8237934904601565,1.4921946740128575,1.1605958575655555,0.8289970411182535,0.4973982246709515,0.16579940822364952,-0.16579940822364952,-0.4973982246709515,-0.8289970411182535,-1.1605958575655555,-1.4921946740128544,-1.8237934904601565,-2.1553923069074585,-2.4869911233547604,-2.8185899398020595,-3.1501887562493613,-3.4817875726966636,-3.8133863891439654,-4.144985205591264,-4.476584022038566,-4.808182838485869,-5.13978165493317,-5.471380471380472,-5.802979287827771,-6.134578104275073,-6.466176920722376,-6.797775737169677,-7.129374553616977,-7.460973370064279,-7.79257218651158,-8.124171002958882,-8.455769819406182,-8.787368635853483,-9.118967452300785,-9.450566268748087,-9.782165085195386,-10.113763901642692,-10.44536271808999,-10.776961534537289,-11.108560350984595,-11.440159167431894,-11.771757983879198,-12.103356800326498,-12.434955616773797,-12.766554433221101,-13.0981532496684,-13.4297520661157,-13.761350882563004,-14.092949699010303,-14.424548515457609,-14.756147331904907,-15.087746148352206,-15.419344964799512,-15.75094378124681,-16.082542597694115,-16.414141414141415],[15.909090909090908,15.587695133149678,15.266299357208446,14.944903581267218,14.623507805325987,14.302112029384755,13.980716253443525,13.659320477502296,13.337924701561064,13.016528925619834,12.695133149678602,12.373737373737374,12.052341597796143,11.730945821854911,11.409550045913681,11.088154269972451,10.766758494031222,10.44536271808999,10.12396694214876,9.80257116620753,9.481175390266298,9.15977961432507,8.838383838383837,8.516988062442607,8.195592286501377,7.8741965105601475,7.552800734618916,7.231404958677686,6.910009182736455,6.588613406795226,6.267217630853994,5.945821854912764,5.624426078971533,5.303030303030302,4.9816345270890725,4.660238751147841,4.338842975206612,4.017447199265381,3.696051423324151,3.37465564738292,3.0532598714416888,2.7318640955004603,2.410468319559229,2.089072543617998,1.767676767676767,1.4462809917355386,1.1248852157943074,0.8034894398530764,0.48209366391184527,0.16069788797061416,-0.16069788797061416,-0.48209366391184527,-0.8034894398530764,-1.1248852157943074,-1.446280991735536,-1.767676767676767,-2.089072543617998,